9.999999999999999e-23 0.0
1.0233717986325199e-22 0.0
1.0472898382363599e-22 0.0
1.0717668854455e-22 0.0
1.0968160052731399e-22 0.0
1.12245056808531e-22 0.0
1.14868425673755e-22 0.0
1.17553107387837e-22 0.0
1.2030053494233199e-22 0.0
1.23112174820389e-22 0.0
1.25989527779503e-22 0.0
1.2893412965257198e-22 0.0
1.31947552167671e-22 0.0
1.3503140378698698e-22 0.0
1.38187330565363e-22 0.0
1.41417017028902e-22 0.0
1.4472218707411297e-22 0.0
1.48104604888068e-22 0.0
1.5156607589005997e-22 0.0
1.5510844769528398e-22 0.0
1.5873361110102097e-22 0.0
1.62443501095887e-22 0.0
1.6624009789266098e-22 0.0
1.70125427985259e-22 0.0
1.7410156523040197e-22 0.0
1.7817063195457299e-22 0.0
1.8233480008684399e-22 0.0
1.8659629231817499e-22 0.0
1.9095738328780999e-22 0.0
1.9542040079740498e-22 0.0
1.9998772705352898e-22 0.0
2.0466179993919898e-22 0.0
2.09445114315147e-22 0.0
2.14340223351486e-22 0.0
2.19349739890506e-22 0.0
2.24476337841322e-22 0.0
2.29722753607115e-22 0.0
2.3509178754572897e-22 0.0
2.40586305464407e-22 0.0
2.4620924014946296e-22 0.0
2.51963592931702e-22 0.0
2.5785243528842697e-22 0.0
2.63878910482893e-22 0.0
2.70046235242068e-22 0.0
2.7635770147361595e-22 0.0
2.8281667802300294e-22 0.0
2.8942661247167497e-22 0.0
2.96191032977255e-22 0.0
3.03113550156758e-22 0.0
3.1019785901380995e-22 0.0
3.1744774091091897e-22 0.0
3.24867065587838e-22 0.0
3.32459793227094e-22 0.0
3.4022997656780696e-22 0.0
3.4818176306889694e-22 0.0
3.5631939712285894e-22 0.0
3.6464722232127495e-22 0.0
3.731696837732749e-22 0.0
3.81891330478185e-22 0.0
3.9081681775362693e-22 0.0
3.99950909720367e-22 0.0
4.0929848184524394e-22 0.0
4.1886452354352697e-22 0.0
4.286541408420929e-22 0.0
4.3867255910484995e-22 0.0
4.489251258218609e-22 0.0
4.59417313463648e-22 0.0
4.701547224022129e-22 0.0
4.811430839003259e-22 0.0
4.923882631706739e-22 0.0
5.03896262506515e-22 0.0
5.15673224485497e-22 0.0
5.27725435248354e-22 0.0
5.40059327854237e-22 0.0
5.526814857144599e-22 0.0
5.655986461065009e-22 0.0
5.788177037701279e-22 0.0
5.9234571458758e-22 0.0
6.061898993497569e-22 0.0
6.203576476104269e-22 0.0
6.348565216305219e-22 0.0
6.496942604146119e-22 0.0
6.64878783841726e-22 0.0
6.8041819689271e-22 0.0
6.96320793976388e-22 0.0
7.125950633568409e-22 0.0
7.292496916841449e-22 0.0
7.462935686310129e-22 0.0
7.63735791637802e-22 0.0
7.81585670768409e-22 0.0
7.99852733679671e-22 0.0
8.185467307069029e-22 0.0
8.37677640068292e-22 0.0
8.572556731909319e-22 0.0
8.772912801613358e-22 0.0
8.97795155303332e-22 0.0
9.187782428863339e-22 0.0
9.40251742967013e-22 0.0
9.622271173675139e-22 0.0
9.84716095793377e-22 0.0
1.00773068209446e-21 0.0
1.0312831606721799e-21 0.0
1.0553861030365199e-21 0.0
1.08005237451625e-21 0.0
1.1052951411260198e-21 0.0
1.1311278765939199e-21 0.0
1.1575643695532999e-21 0.0
1.18461873090268e-21 0.0
1.21230540133765e-21 0.0
1.2406391590588298e-21 0.0
1.2696351276599698e-21 0.0
1.29930878420042e-21 0.0
1.3296759674662098e-21 0.0
1.3607528864243297e-21 0.0
1.3925561288744598e-21 0.0
1.425102670303e-21 0.0
1.45840988294399e-21 0.0
1.49249554505183e-21 0.0
1.52737785039071e-21 0.0
1.5630754179458198e-21 0.0
1.5996073018614898e-21 0.0
1.6369930016117e-21 0.0
1.67525247240822e-21 0.0
1.7144061358519698e-21 0.0
1.75447489083346e-21 0.0
1.79548012468783e-21 0.0
1.83744372461073e-21 0.0
1.8803880893409197e-21 0.0
1.92433614111598e-21 0.0
1.96931133790742e-21 0.0
2.0153376859417296e-21 0.0
2.0624397525140898e-21 0.0
2.11064267910155e-21 0.0
2.1599721947827198e-21 0.0
2.21045462997102e-21 0.0
2.26211693046903e-21 0.0
2.3149866718511595e-21 0.0
2.3690920741826296e-21 0.0
2.4244620170823296e-21 0.0
2.48112605513777e-21 0.0
2.5391144336803498e-21 0.0
2.59845810492925e-21 0.0
2.65918874451269e-21 0.0
2.7213387683753095e-21 0.0
2.7849413500806397e-21 0.0
2.8500304385181098e-21 0.0
2.9166407760236997e-21 0.0
2.9848079169243294e-21 0.0
3.0545682465154297e-21 2.37095820744623e-34
3.1259590004822797e-21 7.9227179302879e-34
3.1990182847750696e-21 2.5810594769280798e-33
3.2737850959485796e-21 8.198777409900319e-33
3.3502993419772293e-21 2.5397731240823e-32
3.4286018635565895e-21 7.67390282981531e-32
3.50873445590271e-21 2.2620746016596202e-31
3.5907398910610495e-21 6.50688295737908e-31
3.6746619407366894e-21 1.8269754419757998e-30
3.7605453996581694e-21 5.13989304127715e-30
3.8484361094874295e-21 1.37944325426251e-29
3.93838098328849e-21 3.61785158793836e-29
4.0304280305680494e-21 9.27596972956868e-29
4.12462638290135e-21 2.32596281025697e-28
4.2210263201569e-21 5.70639770765868e-28
4.3196792973341704e-21 1.3703290297333598e-27
4.420637972028529e-21 3.2224388371182696e-27
4.52395623253805e-21 7.42402828105048e-27
4.629689226627269e-21 1.6748318382227702e-26
4.73789339096314e-21 3.7083220377983696e-26
4.84862648123908e-21 8.05550862371796e-26
4.9619476030029e-21 1.7176072285941502e-25
5.0779172432054e-21 3.5964645002872804e-25
5.1965973024862e-21 7.39866103834255e-25
5.3180511282141994e-21 1.4960921046121199e-24
5.44234354830027e-21 2.9750285832548394e-24
5.5695409058001294e-21 5.82033693343877e-24
5.699711094326079e-21 1.12381903469589e-23
5.8329235942862e-21 2.13073477527698e-23
5.9692495099707295e-21 3.9797445097827697e-23
6.10876160750504e-21 7.325775702965089e-23
6.2515343536897095e-21 1.3295350929324698e-22
6.3976439557484295e-21 2.3799295128125e-22
6.547168402004739e-21 4.2035090800433396e-22
6.70018750350959e-21 7.328315521890869e-22
6.85678293664174e-21 1.2615267839866799e-21
7.017038286703829e-21 2.14874006765469e-21
7.18103909253735e-21 3.6099489387304996e-21
7.34887289218039e-21 5.99458697383834e-21
7.52062926959241e-21 9.8422860519214e-21
7.696399902471158e-21 1.59824887481812e-20
7.87627861118706e-21 2.56763675780618e-20
8.060361408861349e-21 4.08214612541678e-20
8.248746552614589e-21 6.42436863579134e-20
8.44153459601299e-21 1.0010983045015602e-19
8.63882844274045e-21 1.5467323010536802e-19
8.840733401525059e-21 2.36485373080121e-19
9.047357242349299e-21 3.5828553904273004e-19
9.25881025397396e-21 5.3801442631923e-19
9.475205302806538e-21 8.00937994922627e-19
9.69665789314552e-21 1.1823387347817702e-18
9.92328622883255e-21 1.7310827662271601e-18
1.0155211276345698e-20 2.51430945416439e-18
1.03925568293671e-20 3.61456698847389e-18
1.06354495748601e-20 5.16971190909867e-18
1.0884019160690099e-20 7.339434695543261e-18
1.11383982648262e-20 1.03449181700853e-17
1.13987226661605e-20 1.4479026534206902e-17
1.1665131316982e-20 2.01269040162849e-17
1.19377664171444e-20 2.7791705416737306e-17
1.22167734899679e-20 3.8252104063472397e-17
1.2502301459914599e-20 5.21447501987488e-17
1.2794502732078698e-20 7.064479306682831e-17
1.3093533273536098e-20 9.51330476198651e-17
1.3399552696593398e-20 1.27359077767109e-16
1.3712724343984e-20 1.6952721655472698e-16
1.4033215376054798e-20 2.24399588629865e-16
1.4361196859990798e-20 2.9547349874917797e-16
1.4696843861124497e-20 3.86924181675405e-16
1.50403355363803e-20 5.04060655170245e-16
1.53918552299021e-20 6.53348639435826e-16
1.5751590570916198e-20 8.42687668422331e-16
1.6119733573881598e-20 1.08168421125808e-15
1.6496480740980198e-20 1.37897948794258e-15
1.6882033167003598e-20 1.75371603112582e-15
1.7276596646690398e-20 2.22036075375138e-15
1.7680381784572098e-20 2.79896803631373e-15
1.80936041073872e-20 3.51340750586383e-15
1.8516484179121498e-20 4.39197780360886e-15
1.8949247718738198e-20 5.4673882609564696e-15
1.93921257206583e-20 6.780175983786421e-15
1.9845354578057997e-20 8.37588422637073e-15
2.0309176209047298e-20 1.0308352127592e-14
2.0783838185797596e-20 1.26402557331573e-14
2.1269593866686898e-20 1.5444313828477302e-14
2.17667025315346e-20 1.88553093558686e-14
2.2275429519995598e-20 2.2879701117328e-14
2.2796046373189798e-20 2.76707714146768e-14
2.33288309786416e-20 3.33565098882168e-14
2.38740677186065e-20 4.0083129230033004e-14
2.4432047621864896e-20 4.78006867331624e-14
2.5003068519063196e-20 5.7089593582422e-14
2.5587435201685896e-20 6.79823450417182e-14
2.6185459584742298e-20 8.07200646277694e-14
2.6797460873256895e-20 9.55744962893591e-14
2.7423765732649496e-20 1.12747571834027e-13
2.8064708463098396e-20 1.3277124323664902e-13
2.87206311779783e-20 1.55940283853279e-13
2.93918839864689e-20 1.8268212970136202e-13
3.0078825180430995e-20 2.14349113733257e-13
3.07818214256508e-20 2.49857280526412e-13
3.1501247957553294e-20 2.9054924922403903e-13
3.2237488781490296e-20 3.3707629376703803e-13
3.29909368777094e-20 3.90157547402376e-13
3.37619944111134e-20 4.49021472538983e-13
3.45510729459222e-20 5.17433996934266e-13
3.535859366535179e-20 5.949911815658191e-13
3.6184987596427495e-20 6.82738103046923e-13
3.70306958400514e-20 7.83919225480152e-13
3.7896169806447195e-20 8.958709877823569e-13
3.878187145610719e-20 1.0217994206720899e-12
3.9688273546371593e-20 1.16318856586095e-12
4.06158598837698e-20 1.32382356263135e-12
4.1565125582259896e-20 1.5013896144743399e-12
4.2536577327503895e-20 1.69970269400499e-12
4.3530733647318895e-20 1.92081372997902e-12
4.4548125188449897e-20 2.1558750096436398e-12
4.558929499981059e-20 2.42804153360148e-12
4.66547988223447e-20 2.7300363709067297e-12
4.7745205385661296e-20 3.06461170512955e-12
4.8861096711603295e-20 3.44240267435896e-12
5.0003068424910896e-20 3.85207790091724e-12
5.1171730071145997e-20 4.30393707318501e-12
5.236770544204659e-20 4.8016198393936295e-12
5.35916329084851e-20 5.36620588722128e-12
5.48441657612102e-20 5.96939462118459e-12
5.612597255954969e-20 6.631060489331259e-12
5.74377374882659e-20 7.329508436748529e-12
5.878016072274909e-20 8.1198415774755e-12
6.01539588027484e-20 8.98351834517214e-12
6.15598650148351e-20 9.92620282991977e-12
6.299862978380689e-20 1.09203523546416e-11
6.447102107323869e-20 1.20361581614658e-11
6.59778247953954e-20 1.32498275110314e-11
6.751984523072499e-20 1.4542608377884102e-11
6.90979054571565e-20 1.5971210185858603e-11
7.071284778943e-20 1.75200718795951e-11
7.23655342286966e-20 1.92323667484601e-11
7.40568469226243e-20 2.1050702509958798e-11
7.57876886362593e-20 2.30161487154214e-11
7.755898323388999e-20 2.5138561091076902e-11
7.937167617217549e-20 2.7513185655667602e-11
8.12267350047971e-20 2.99881914089471e-11
8.31251498989063e-20 3.26534276002421e-11
8.506793416364149e-20 3.54212298415004e-11
8.705612479099869e-20 3.84956189649876e-11
8.909078300934128e-20 4.1797873685553004e-11
9.11729948498492e-20 4.5388836802580705e-11
9.330387172620359e-20 4.9193472902722004e-11
9.548455102782289e-20 5.3500772508114e-11
9.771619672696169e-20 5.78838394770705e-11
9.999999999999999e-20 6.25734295031786e-11
