9.999999999999999e-23 0.0
1.0233717986325199e-22 0.0
1.0472898382363599e-22 0.0
1.0717668854455e-22 0.0
1.0968160052731399e-22 0.0
1.12245056808531e-22 0.0
1.14868425673755e-22 0.0
1.17553107387837e-22 0.0
1.2030053494233199e-22 0.0
1.23112174820389e-22 0.0
1.25989527779503e-22 0.0
1.2893412965257198e-22 0.0
1.31947552167671e-22 0.0
1.3503140378698698e-22 0.0
1.38187330565363e-22 0.0
1.41417017028902e-22 0.0
1.4472218707411297e-22 0.0
1.48104604888068e-22 0.0
1.5156607589005997e-22 0.0
1.5510844769528398e-22 0.0
1.5873361110102097e-22 0.0
1.62443501095887e-22 0.0
1.6624009789266098e-22 0.0
1.70125427985259e-22 0.0
1.7410156523040197e-22 0.0
1.7817063195457299e-22 0.0
1.8233480008684399e-22 0.0
1.8659629231817499e-22 0.0
1.9095738328780999e-22 0.0
1.9542040079740498e-22 0.0
1.9998772705352898e-22 0.0
2.0466179993919898e-22 0.0
2.09445114315147e-22 0.0
2.14340223351486e-22 0.0
2.19349739890506e-22 0.0
2.24476337841322e-22 0.0
2.29722753607115e-22 0.0
2.3509178754572897e-22 0.0
2.40586305464407e-22 0.0
2.4620924014946296e-22 0.0
2.51963592931702e-22 0.0
2.5785243528842697e-22 0.0
2.63878910482893e-22 0.0
2.70046235242068e-22 0.0
2.7635770147361595e-22 0.0
2.8281667802300294e-22 0.0
2.8942661247167497e-22 0.0
2.96191032977255e-22 0.0
3.03113550156758e-22 0.0
3.1019785901380995e-22 0.0
3.1744774091091897e-22 0.0
3.24867065587838e-22 0.0
3.32459793227094e-22 0.0
3.4022997656780696e-22 0.0
3.4818176306889694e-22 0.0
3.5631939712285894e-22 0.0
3.6464722232127495e-22 0.0
3.731696837732749e-22 0.0
3.81891330478185e-22 0.0
3.9081681775362693e-22 0.0
3.99950909720367e-22 0.0
4.0929848184524394e-22 0.0
4.1886452354352697e-22 0.0
4.286541408420929e-22 0.0
4.3867255910484995e-22 0.0
4.489251258218609e-22 0.0
4.59417313463648e-22 0.0
4.701547224022129e-22 0.0
4.811430839003259e-22 0.0
4.923882631706739e-22 0.0
5.03896262506515e-22 0.0
5.15673224485497e-22 0.0
5.27725435248354e-22 0.0
5.40059327854237e-22 0.0
5.526814857144599e-22 0.0
5.655986461065009e-22 0.0
5.788177037701279e-22 0.0
5.9234571458758e-22 0.0
6.061898993497569e-22 0.0
6.203576476104269e-22 0.0
6.348565216305219e-22 0.0
6.496942604146119e-22 0.0
6.64878783841726e-22 0.0
6.8041819689271e-22 0.0
6.96320793976388e-22 0.0
7.125950633568409e-22 0.0
7.292496916841449e-22 0.0
7.462935686310129e-22 0.0
7.63735791637802e-22 0.0
7.81585670768409e-22 0.0
7.99852733679671e-22 0.0
8.185467307069029e-22 0.0
8.37677640068292e-22 6.65021193977697e-11
8.572556731909319e-22 6.538317447708851e-11
8.772912801613358e-22 6.42836705238869e-11
8.97795155303332e-22 6.32032996107873e-11
9.187782428863339e-22 6.214175528559741e-11
9.40251742967013e-22 6.10987326296374e-11
9.622271173675139e-22 6.00739283453513e-11
9.84716095793377e-22 3.6927488891761703e-10
1.00773068209446e-21 3.6312015041916497e-10
1.0312831606721799e-21 3.5707136157836597e-10
1.0553861030365199e-21 3.5112682639752395e-10
1.08005237451625e-21 3.45284854499876e-10
1.1052951411260198e-21 3.39543762968198e-10
1.1311278765939199e-21 3.33901878208031e-10
1.1575643695532999e-21 3.2835753781361197e-10
1.18461873090268e-21 3.22909092420382e-10
1.21230540133765e-21 3.17554907524416e-10
1.2406391590588298e-21 8.6796025244118e-10
1.2696351276599698e-21 8.53841813743259e-10
1.29930878420042e-21 8.39952666372105e-10
1.3296759674662098e-21 8.26289716587482e-10
1.3607528864243297e-21 8.128498586610899e-10
1.3925561288744598e-21 7.99629982552954e-10
1.425102670303e-21 7.86626980858385e-10
1.45840988294399e-21 7.7383775498592e-10
1.49249554505183e-21 7.61259220558559e-10
1.52737785039071e-21 7.48888312011262e-10
1.5630754179458198e-21 1.3787589006321002e-09
1.5996073018614898e-21 1.3570977047798502e-09
1.6369930016117e-21 1.3357530374738501e-09
1.67525247240822e-21 1.31472278129057e-09
1.7144061358519698e-21 1.2940046782614101e-09
1.75447489083346e-21 1.2735963412266601e-09
1.79548012468783e-21 1.25349526391241e-09
1.83744372461073e-21 1.2336988300767402e-09
1.8803880893409197e-21 1.21420432217251e-09
1.92433614111598e-21 1.19500893010864e-09
1.96931133790742e-21 1.8627706474027703e-09
2.0153376859417296e-21 1.8347351905557e-09
2.0624397525140898e-21 1.8070538919629803e-09
2.11064267910155e-21 1.77972817065557e-09
2.1599721947827198e-21 1.7527590778881402e-09
2.21045462997102e-21 1.7261473628107201e-09
2.26211693046903e-21 1.6998935550109902e-09
2.3149866718511595e-21 1.67399806847841e-09
2.3690920741826296e-21 1.6484613318285002e-09
2.4244620170823296e-21 2.3814141279989003e-09
2.48112605513777e-21 2.34763988148992e-09
2.5391144336803498e-21 2.31420568068618e-09
2.59845810492925e-21 2.28112477538238e-09
2.65918874451269e-21 2.24841138540654e-09
2.7213387683753095e-21 2.21608116817495e-09
2.7849413500806397e-21 2.18415171550559e-09
2.8500304385181098e-21 2.1526430594094403e-09
2.9166407760236997e-21 2.1215781597720903e-09
2.9848079169243294e-21 2.09098334067535e-09
3.0545682465154297e-21 3.0408792516464006e-09
3.1259590004822797e-21 3.0015851092278204e-09
3.1990182847750696e-21 2.96276735874441e-09
3.2737850959485796e-21 2.92449592770132e-09
3.3502993419772293e-21 2.88684487998192e-09
3.4286018635565895e-21 2.84989175308335e-09
3.50873445590271e-21 2.8137165801703204e-09
3.5907398910610495e-21 2.77840061563324e-09
3.6746619407366894e-21 2.74402480685171e-09
3.7605453996581694e-21 3.91727375300998e-09
3.8484361094874295e-21 3.875976175066751e-09
3.93838098328849e-21 3.83569449839763e-09
4.0304280305680494e-21 3.79654024417767e-09
4.12462638290135e-21 3.7586145039732805e-09
4.2210263201569e-21 3.72200609868966e-09
4.3196792973341704e-21 3.6867900963456603e-09
4.420637972028529e-21 3.6530267549537104e-09
4.52395623253805e-21 3.6207609268418207e-09
4.629689226627269e-21 4.93301181123968e-09
4.73789339096314e-21 4.89699554261748e-09
4.84862648123908e-21 4.8623447967579705e-09
4.9619476030029e-21 4.8290993858857204e-09
5.0779172432054e-21 4.79728244612542e-09
5.1965973024862e-21 4.76690173173922e-09
5.3180511282141994e-21 4.73795112996902e-09
5.44234354830027e-21 4.71041231396647e-09
5.5695409058001294e-21 4.68425645807261e-09
5.699711094326079e-21 6.00262086159966e-09
5.8329235942862e-21 5.9750536901872005e-09
5.9692495099707295e-21 5.948549155840381e-09
6.10876160750504e-21 5.92309739983942e-09
6.2515343536897095e-21 5.8986808303215804e-09
6.3976439557484295e-21 5.875275490935031e-09
6.547168402004739e-21 5.852852314884731e-09
6.70018750350959e-21 5.8313782540185105e-09
6.85678293664174e-21 5.810817279016241e-09
7.017038286703829e-21 7.036588386039201e-09
7.18103909253735e-21 7.01650487248161e-09
7.34887289218039e-21 6.9970367276453e-09
7.52062926959241e-21 6.978174480979051e-09
7.696399902471158e-21 6.959905482310241e-09
7.87627861118706e-21 6.94221452773751e-09
8.060361408861349e-21 6.9250844064028705e-09
8.248746552614589e-21 6.9084963739391305e-09
8.44153459601299e-21 6.892430558911211e-09
8.63882844274045e-21 7.973605660011162e-09
8.840733401525059e-21 7.95998378761329e-09
9.047357242349299e-21 7.94665325787882e-09
9.25881025397396e-21 7.9336118771498e-09
9.475205302806538e-21 7.920855727881771e-09
9.69665789314552e-21 7.908379453134081e-09
9.92328622883255e-21 7.896176505852232e-09
1.0155211276345698e-20 7.884239366369981e-09
1.03925568293671e-20 8.74889802361694e-09
1.06354495748601e-20 8.741050697937041e-09
1.0884019160690099e-20 8.7332952406007e-09
1.11383982648262e-20 8.72563360631043e-09
1.13987226661605e-20 8.71806662091749e-09
1.1665131316982e-20 8.71059412728448e-09
1.19377664171444e-20 8.70321511496149e-09
1.22167734899679e-20 9.23817488966135e-09
1.2502301459914599e-20 9.236088209903531e-09
1.2794502732078698e-20 9.23399247870643e-09
1.3093533273536098e-20 9.23189038511115e-09
1.3399552696593398e-20 9.229783897674641e-09
1.3712724343984e-20 9.22767433811885e-09
1.4033215376054798e-20 9.22556244731664e-09
1.4361196859990798e-20 9.489396603750492e-09
1.4696843861124497e-20 9.492210823982412e-09
1.50403355363803e-20 9.495028220786341e-09
1.53918552299021e-20 9.49784836860712e-09
1.5751590570916198e-20 9.500670481340831e-09
1.6119733573881598e-20 9.50349344301066e-09
1.6496480740980198e-20 9.569414029059041e-09
1.6882033167003598e-20 9.575112488858121e-09
1.7276596646690398e-20 9.580890231663441e-09
1.7680381784572098e-20 9.586745414784791e-09
1.80936041073872e-20 9.592675910423941e-09
1.8516484179121498e-20 9.598679318868532e-09
1.8949247718738198e-20 9.612400411606271e-09
1.93921257206583e-20 9.619470939868861e-09
1.9845354578057997e-20 9.62666734685692e-09
2.0309176209047298e-20 9.633988705173371e-09
2.0783838185797596e-20 9.641433847385031e-09
2.1269593866686898e-20 9.649001364363601e-09
2.17667025315346e-20 9.65276683637887e-09
2.2275429519995598e-20 9.66082483148687e-09
2.2796046373189798e-20 9.66902518442874e-09
2.33288309786416e-20 9.677367492593452e-09
2.38740677186065e-20 9.68585117677799e-09
2.4432047621864896e-20 9.688660875334782e-09
2.5003068519063196e-20 9.697477521029212e-09
2.5587435201685896e-20 9.706439270903851e-09
2.6185459584742298e-20 9.71554558538086e-09
2.6797460873256895e-20 9.72479578219051e-09
2.7423765732649496e-20 9.731047029080092e-09
2.8064708463098396e-20 9.74059436462609e-09
2.87206311779783e-20 9.75028393288645e-09
2.93918839864689e-20 9.760114650650952e-09
3.0078825180430995e-20 9.773428473513442e-09
3.07818214256508e-20 9.783538077517451e-09
3.1501247957553294e-20 9.793785252863431e-09
3.2237488781490296e-20 9.80416838405605e-09
3.29909368777094e-20 9.814685708981371e-09
3.37619944111134e-20 9.838632873926691e-09
3.45510729459222e-20 9.849372736511961e-09
3.535859366535179e-20 9.86023988005276e-09
3.6184987596427495e-20 9.87123195067414e-09
3.70306958400514e-20 9.837021797160331e-09
3.7896169806447195e-20 9.848375674811211e-09
3.878187145610719e-20 9.85984793293108e-09
3.9688273546371593e-20 9.871435619664721e-09
4.06158598837698e-20 9.926779638272e-09
4.1565125582259896e-20 9.938482259793152e-09
4.2536577327503895e-20 9.95028981741695e-09
4.3530733647318895e-20 9.96219881141518e-09
4.4548125188449897e-20 9.962487272839291e-09
4.558929499981059e-20 9.974598658396191e-09
4.66547988223447e-20 9.986799885513931e-09
4.7745205385661296e-20 9.99908697726172e-09
4.8861096711603295e-20 1.00233793355102e-08
5.0003068424910896e-20 1.0035801774832801e-08
5.1171730071145997e-20 1.0048297468386001e-08
5.236770544204659e-20 1.00608620301262e-08
5.35916329084851e-20 1.00290892876539e-08
5.48441657612102e-20 1.00419252839267e-08
5.612597255954969e-20 1.00548174967385e-08
5.74377374882659e-20 1.00503673059293e-08
5.878016072274909e-20 1.0063388770142501e-08
6.01539588027484e-20 1.00764522389627e-08
6.15598650148351e-20 1.00895528592742e-08
6.299862978380689e-20 1.01197279928939e-08
6.447102107323869e-20 1.0132819484179e-08
6.59778247953954e-20 1.0145933124783501e-08
6.751984523072499e-20 1.02182392078575e-08
6.90979054571565e-20 1.02311837798566e-08
7.071284778943e-20 1.02441350407161e-08
7.23655342286966e-20 1.01670526972305e-08
7.40568469226243e-20 1.01803034288405e-08
7.57876886362593e-20 1.01935473773905e-08
7.755898323388999e-20 1.02067797047754e-08
7.937167617217549e-20 1.02747398014684e-08
8.12267350047971e-20 1.02877704705412e-08
8.31251498989063e-20 1.03007741613994e-08
8.506793416364149e-20 1.0318122387972401e-08
8.705612479099869e-20 1.0331027647557901e-08
8.909078300934128e-20 1.03438922722902e-08
9.11729948498492e-20 1.03090119311794e-08
9.330387172620359e-20 1.0321951622898901e-08
9.548455102782289e-20 1.0346950202061401e-08
9.771619672696169e-20 1.03597563616214e-08
9.999999999999999e-20 1.0372499044355901e-08
