9.999999999999999e-23 0.0
1.0233717986325199e-22 0.0
1.0472898382363599e-22 0.0
1.0717668854455e-22 0.0
1.0968160052731399e-22 0.0
1.12245056808531e-22 0.0
1.14868425673755e-22 0.0
1.17553107387837e-22 0.0
1.2030053494233199e-22 0.0
1.23112174820389e-22 0.0
1.25989527779503e-22 0.0
1.2893412965257198e-22 0.0
1.31947552167671e-22 0.0
1.3503140378698698e-22 0.0
1.38187330565363e-22 0.0
1.41417017028902e-22 0.0
1.4472218707411297e-22 0.0
1.48104604888068e-22 0.0
1.5156607589005997e-22 0.0
1.5510844769528398e-22 0.0
1.5873361110102097e-22 0.0
1.62443501095887e-22 0.0
1.6624009789266098e-22 0.0
1.70125427985259e-22 0.0
1.7410156523040197e-22 0.0
1.7817063195457299e-22 0.0
1.8233480008684399e-22 0.0
1.8659629231817499e-22 0.0
1.9095738328780999e-22 0.0
1.9542040079740498e-22 0.0
1.9998772705352898e-22 0.0
2.0466179993919898e-22 0.0
2.09445114315147e-22 0.0
2.14340223351486e-22 0.0
2.19349739890506e-22 0.0
2.24476337841322e-22 0.0
2.29722753607115e-22 0.0
2.3509178754572897e-22 0.0
2.40586305464407e-22 0.0
2.4620924014946296e-22 0.0
2.51963592931702e-22 0.0
2.5785243528842697e-22 0.0
2.63878910482893e-22 0.0
2.70046235242068e-22 0.0
2.7635770147361595e-22 0.0
2.8281667802300294e-22 0.0
2.8942661247167497e-22 0.0
2.96191032977255e-22 0.0
3.03113550156758e-22 0.0
3.1019785901380995e-22 0.0
3.1744774091091897e-22 0.0
3.24867065587838e-22 0.0
3.32459793227094e-22 0.0
3.4022997656780696e-22 0.0
3.4818176306889694e-22 0.0
3.5631939712285894e-22 0.0
3.6464722232127495e-22 0.0
3.731696837732749e-22 0.0
3.81891330478185e-22 0.0
3.9081681775362693e-22 0.0
3.99950909720367e-22 0.0
4.0929848184524394e-22 0.0
4.1886452354352697e-22 0.0
4.286541408420929e-22 0.0
4.3867255910484995e-22 0.0
4.489251258218609e-22 0.0
4.59417313463648e-22 0.0
4.701547224022129e-22 0.0
4.811430839003259e-22 0.0
4.923882631706739e-22 0.0
5.03896262506515e-22 0.0
5.15673224485497e-22 0.0
5.27725435248354e-22 0.0
5.40059327854237e-22 0.0
5.526814857144599e-22 0.0
5.655986461065009e-22 0.0
5.788177037701279e-22 0.0
5.9234571458758e-22 0.0
6.061898993497569e-22 0.0
6.203576476104269e-22 0.0
6.348565216305219e-22 0.0
6.496942604146119e-22 0.0
6.64878783841726e-22 0.0
6.8041819689271e-22 0.0
6.96320793976388e-22 0.0
7.125950633568409e-22 0.0
7.292496916841449e-22 0.0
7.462935686310129e-22 0.0
7.63735791637802e-22 0.0
7.81585670768409e-22 0.0
7.99852733679671e-22 0.0
8.185467307069029e-22 0.0
8.37677640068292e-22 1.71410261085341e-32
8.572556731909319e-22 4.5659032807251396e-32
8.772912801613358e-22 1.21248222500661e-31
8.97795155303332e-22 3.20828281738457e-31
9.187782428863339e-22 8.454846879372941e-31
9.40251742967013e-22 2.2179912058509198e-30
9.622271173675139e-22 5.78919764372561e-30
9.84716095793377e-22 1.50503198405947e-29
1.00773068209446e-21 3.8841287314800404e-29
1.0312831606721799e-21 9.95857116442665e-29
1.0553861030365199e-21 2.53535634434115e-28
1.08005237451625e-21 6.4062492438811e-28
1.1052951411260198e-21 1.60574903152895e-27
1.1311278765939199e-21 3.9907011547714395e-27
1.1575643695532999e-21 9.82902175816829e-27
1.18461873090268e-21 2.39804098132778e-26
1.21230540133765e-21 5.792796050678589e-26
1.2406391590588298e-21 1.38137888975362e-25
1.2696351276599698e-21 3.2673308772387203e-25
1.29930878420042e-21 7.64169886636161e-25
1.3296759674662098e-21 1.76655605769734e-24
1.3607528864243297e-21 4.034942104986159e-24
1.3925561288744598e-21 9.102470055258149e-24
1.425102670303e-21 2.0274094329449698e-23
1.45840988294399e-21 4.4569838203949e-23
1.49249554505183e-21 9.66773067214907e-23
1.52737785039071e-21 2.0685601070677502e-22
1.5630754179458198e-21 4.36645139990343e-22
1.5996073018614898e-21 9.08379927341352e-22
1.6369930016117e-21 1.8627527502720403e-21
1.67525247240822e-21 3.76451917588585e-21
1.7144061358519698e-21 7.496508272458971e-21
1.75447489083346e-21 1.47076453399204e-20
1.79548012468783e-21 2.84257601374268e-20
1.83744372461073e-21 5.41161352739158e-20
1.8803880893409197e-21 1.01474929720409e-19
1.92433614111598e-21 1.8740882684789701e-19
1.96931133790742e-21 3.4068897598530106e-19
2.0153376859417296e-21 6.10369214267131e-19
2.0624397525140898e-21 1.0770392633783902e-18
2.11064267910155e-21 1.8719578565235e-18
2.1599721947827198e-21 3.20491401064338e-18
2.21045462997102e-21 5.40544127283578e-18
2.26211693046903e-21 8.982290907029e-18
2.3149866718511595e-21 1.47074910500977e-17
2.3690920741826296e-21 2.3732691916333802e-17
2.4244620170823296e-21 3.77551486651968e-17
2.48112605513777e-21 5.91979474166283e-17
2.5391144336803498e-21 9.151990765697051e-17
2.59845810492925e-21 1.39536470705188e-16
2.65918874451269e-21 2.0985170167046398e-16
2.7213387683753095e-21 3.1137472489038695e-16
2.7849413500806397e-21 4.55929342203164e-16
2.8500304385181098e-21 6.58954815317117e-16
2.9166407760236997e-21 9.402888101933318e-16
2.9848079169243294e-21 1.32501524360056e-15
3.0545682465154297e-21 1.8441234970753903e-15
3.1259590004822797e-21 2.5362496170549403e-15
3.1990182847750696e-21 3.4473254301608503e-15
3.2737850959485796e-21 4.63209446031157e-15
3.3502993419772293e-21 6.1545518173434204e-15
3.4286018635565895e-21 8.08837043091692e-15
3.50873445590271e-21 1.05170897974423e-14
3.5907398910610495e-21 1.35340331162595e-14
3.6746619407366894e-21 1.72419338506565e-14
3.7605453996581694e-21 2.1753425312910104e-14
3.8484361094874295e-21 2.7185705797808e-14
3.93838098328849e-21 3.3665662914256e-14
4.0304280305680494e-21 4.13245187846846e-14
4.12462638290135e-21 5.02973356204515e-14
4.2210263201569e-21 6.07215299455794e-14
4.3196792973341704e-21 7.273543141214141e-14
4.420637972028529e-21 8.647695741204531e-14
4.52395623253805e-21 1.02082463973944e-13
4.629689226627269e-21 1.1968668432980301e-13
4.73789339096314e-21 1.3941877488416101e-13
4.84862648123908e-21 1.6140655598915702e-13
4.9619476030029e-21 1.85773423455334e-13
5.0779172432054e-21 2.12639133690799e-13
5.1965973024862e-21 2.4212010855649503e-13
5.3180511282141994e-21 2.74329921048183e-13
5.44234354830027e-21 3.09379924309879e-13
5.5695409058001294e-21 3.4737998613245403e-13
5.699711094326079e-21 3.88449200687191e-13
5.8329235942862e-21 4.3267769749476403e-13
5.9692495099707295e-21 4.80185155948587e-13
6.10876160750504e-21 5.310837900549571e-13
6.2515343536897095e-21 5.85488478540801e-13
6.3976439557484295e-21 6.43517536053686e-13
6.547168402004739e-21 7.052934365155471e-13
6.70018750350959e-21 7.70943484852414e-13
6.85678293664174e-21 8.40600436330902e-13
7.017038286703829e-21 9.14380247160266e-13
7.18103909253735e-21 9.92474364932465e-13
7.34887289218039e-21 1.07501199652364e-12
7.52062926959241e-21 1.16215294352412e-12
7.696399902471158e-21 1.25406487086458e-12
7.87627861118706e-21 1.35092368556073e-12
8.060361408861349e-21 1.4529138932361e-12
8.248746552614589e-21 1.5602289374725099e-12
8.44153459601299e-21 1.6730715266689998e-12
8.63882844274045e-21 1.79169103175276e-12
8.840733401525059e-21 1.91623670868732e-12
9.047357242349299e-21 2.04697681414638e-12
9.25881025397396e-21 2.1841542776276497e-12
9.475205302806538e-21 2.32802287821641e-12
9.69665789314552e-21 2.47884757396923e-12
9.92328622883255e-21 2.6369048413432897e-12
1.0155211276345698e-20 2.8024830267971797e-12
1.03925568293671e-20 2.97569798127523e-12
1.06354495748601e-20 3.15721807262437e-12
1.0884019160690099e-20 3.34719808487108e-12
1.11383982648262e-20 3.5459775965381494e-12
1.13987226661605e-20 3.7539100506224996e-12
1.1665131316982e-20 3.97136321262501e-12
1.19377664171444e-20 4.19871965112894e-12
1.22167734899679e-20 4.4367339976770496e-12
1.2502301459914599e-20 4.68512829355463e-12
1.2794502732078698e-20 4.94466901742197e-12
1.3093533273536098e-20 5.21580336234048e-12
1.3399552696593398e-20 5.49899611590824e-12
1.3712724343984e-20 5.79473030024929e-12
1.4033215376054798e-20 6.1035078416914e-12
1.4361196859990798e-20 6.425753880908829e-12
1.4696843861124497e-20 6.76219348433094e-12
1.50403355363803e-20 7.11330214163881e-12
1.53918552299021e-20 7.479664676015e-12
1.5751590570916198e-20 7.861888632570179e-12
1.6119733573881598e-20 8.26060513946939e-12
1.6496480740980198e-20 8.67642012979947e-12
1.6882033167003598e-20 9.110104014711819e-12
1.7276596646690398e-20 9.56232285988229e-12
1.7680381784572098e-20 1.00338111351768e-11
1.80936041073872e-20 1.05253316484002e-11
1.8516484179121498e-20 1.10376765930303e-11
1.8949247718738198e-20 1.15717818099904e-11
1.93921257206583e-20 1.21282797781787e-11
1.9845354578057997e-20 1.27081660615242e-11
2.0309176209047298e-20 1.3312361400964001e-11
2.0783838185797596e-20 1.39418215559207e-11
2.1269593866686898e-20 1.4597538498092002e-11
2.17667025315346e-20 1.528109158043e-11
2.2275429519995598e-20 1.59925243401168e-11
2.2796046373189798e-20 1.67334291763267e-11
2.33288309786416e-20 1.75049563615817e-11
2.38740677186065e-20 1.83082986696192e-11
2.4432047621864896e-20 1.91437202191776e-11
2.5003068519063196e-20 2.0014287129088e-11
2.5587435201685896e-20 2.09204913519316e-11
2.6185459584742298e-20 2.1863705374370202e-11
2.6797460873256895e-20 2.28453501754451e-11
2.7423765732649496e-20 2.3867227767583703e-11
2.8064708463098396e-20 2.49301607828774e-11
2.87206311779783e-20 2.60360834734841e-11
2.93918839864689e-20 2.7186621835970902e-11
3.0078825180430995e-20 2.8386634803344502e-11
3.07818214256508e-20 2.96319399027814e-11
3.1501247957553294e-20 3.09271197032032e-11
3.2237488781490296e-20 3.2274028065859204e-11
3.29909368777094e-20 3.3674577416841505e-11
3.37619944111134e-20 3.51224341184147e-11
3.45510729459222e-20 3.66353955130634e-11
3.535859366535179e-20 3.82080161991657e-11
3.6184987596427495e-20 3.9842445630256804e-11
3.70306958400514e-20 4.15568177661232e-11
3.7896169806447195e-20 4.33228537246733e-11
3.878187145610719e-20 4.5157621830938e-11
3.9688273546371593e-20 4.7063531450949905e-11
4.06158598837698e-20 4.90388322713721e-11
4.1565125582259896e-20 5.1094620326030304e-11
4.2536577327503895e-20 5.3229205086680004e-11
4.3530733647318895e-20 5.5445262819173e-11
4.4548125188449897e-20 5.77177201444335e-11
4.558929499981059e-20 6.01021753817334e-11
4.66547988223447e-20 6.25763074508345e-11
4.7745205385661296e-20 6.51430518396816e-11
4.8861096711603295e-20 6.782020858653901e-11
5.0003068424910896e-20 7.05827029591819e-11
5.1171730071145997e-20 7.344714021800131e-11
5.236770544204659e-20 7.641673922315731e-11
5.35916329084851e-20 7.95571704183342e-11
5.48441657612102e-20 8.27516542597903e-11
5.612597255954969e-20 8.60616627713768e-11
5.74377374882659e-20 8.943872952979891e-11
5.878016072274909e-20 9.298599010784661e-11
6.01539588027484e-20 9.665926830695151e-11
6.15598650148351e-20 1.00462293376902e-10
6.299862978380689e-20 1.0432308526313701e-10
6.447102107323869e-20 1.08391642891602e-10
6.59778247953954e-20 1.1260130102154199e-10
6.751984523072499e-20 1.16859795264072e-10
6.90979054571565e-20 1.2135824635232098e-10
7.071284778943e-20 1.26009872425174e-10
7.23655342286966e-20 1.3095735557166999e-10
7.40568469226243e-20 1.3593559876386198e-10
7.57876886362593e-20 1.41080399265993e-10
7.755898323388999e-20 1.46396294562845e-10
7.937167617217549e-20 1.51974817187114e-10
8.12267350047971e-20 1.57653121602935e-10
8.31251498989063e-20 1.63516949801802e-10
8.506793416364149e-20 1.6940593717216998e-10
8.705612479099869e-20 1.7564622310135801e-10
8.909078300934128e-20 1.8208668880387399e-10
9.11729948498492e-20 1.88855785419314e-10
9.330387172620359e-20 1.95718309091687e-10
9.548455102782289e-20 2.03103899136619e-10
9.771619672696169e-20 2.1042113079769e-10
9.999999999999999e-20 2.17966384786668e-10
