9.999999999999999e-23 0.544488484764792
1.0233717986325199e-22 0.550304234454046
1.0472898382363599e-22 0.556197007766238
1.0717668854455e-22 0.562167475921472
1.0968160052731399e-22 0.56821630850034
1.12245056808531e-22 0.574342590061586
1.14868425673755e-22 0.580550162707707
1.17553107387837e-22 0.586838097713401
1.2030053494233199e-22 0.593207057152271
1.23112174820389e-22 0.599657700970339
1.25989527779503e-22 0.606190686959931
1.2893412965257198e-22 0.612806670812148
1.31947552167671e-22 0.619506306275751
1.3503140378698698e-22 0.626290245443505
1.38187330565363e-22 0.63315732151603
1.41417017028902e-22 0.640111834739575
1.4472218707411297e-22 0.647152603138727
1.48104604888068e-22 0.654280278313553
1.5156607589005997e-22 0.661495514220828
1.5510844769528398e-22 0.668798968567335
1.5873361110102097e-22 0.676191304401387
1.62443501095887e-22 0.683671440491132
1.6624009789266098e-22 0.691243576815938
1.70125427985259e-22 0.698906634274315
1.7410156523040197e-22 0.706661316756412
1.7817063195457299e-22 0.714508343956839
1.8233480008684399e-22 0.722448453807295
1.8659629231817499e-22 0.730482404951825
1.9095738328780999e-22 0.738610979232336
1.9542040079740498e-22 0.746833138985619
1.9998772705352898e-22 0.755153414340126
2.0466179993919898e-22 0.763570822185687
2.09445114315147e-22 0.772086260994442
2.14340223351486e-22 0.780700663799983
2.19349739890506e-22 0.789415000034957
2.24476337841322e-22 0.79823027715852
2.29722753607115e-22 0.807145610721428
2.3509178754572897e-22 0.816165966273371
2.40586305464407e-22 0.825290525776687
2.4620924014946296e-22 0.834520460182849
2.51963592931702e-22 0.843856982808437
2.5785243528842697e-22 0.85330134935146
2.63878910482893e-22 0.86285485760919
2.70046235242068e-22 0.872517194804667
2.7635770147361595e-22 0.882293053250561
2.8281667802300294e-22 0.89218219185676
2.8942661247167497e-22 0.902186067878136
2.96191032977255e-22 0.912306174654319
3.03113550156758e-22 0.922544039481338
3.1019785901380995e-22 0.932899195005573
3.1744774091091897e-22 0.943377297295487
3.24867065587838e-22 0.953977917231692
3.32459793227094e-22 0.964702690558461
3.4022997656780696e-22 0.975553271795544
3.4818176306889694e-22 0.986531330335267
3.5631939712285894e-22 0.997638546276553
3.6464722232127495e-22 1.00887460287566
3.731696837732749e-22 1.02024520747974
3.81891330478185e-22 1.03175002895498
3.9081681775362693e-22 1.04339074421948
3.99950909720367e-22 1.05516901711542
4.0929848184524394e-22 1.06708649335123
4.1886452354352697e-22 1.07914277713711
4.286541408420929e-22 1.09134351295489
4.3867255910484995e-22 1.10368823073923
4.489251258218609e-22 1.11617845484496
4.59417313463648e-22 1.12881566816353
4.701547224022129e-22 1.14160130839485
4.811430839003259e-22 1.15453676482494
4.923882631706739e-22 1.16762128310542
5.03896262506515e-22 1.18086034717074
5.15673224485497e-22 1.19425308112627
5.27725435248354e-22 1.20780066081384
5.40059327854237e-22 1.22150420737261
5.526814857144599e-22 1.23536478827105
5.655986461065009e-22 1.24938112947293
5.788177037701279e-22 1.26355879182346
5.9234571458758e-22 1.27789639105055
6.061898993497569e-22 1.29239480621489
6.203576476104269e-22 1.30705487958735
6.348565216305219e-22 1.32187742209512
6.496942604146119e-22 1.33686093199546
6.64878783841726e-22 1.3520107669316
6.8041819689271e-22 1.36732537774675
6.96320793976388e-22 1.38280551392548
7.125950633568409e-22 1.39845192715425
7.292496916841449e-22 1.41426537863249
7.462935686310129e-22 1.4302441415362
7.63735791637802e-22 1.44639405006883
7.81585670768409e-22 1.46271340939708
7.99852733679671e-22 1.47920308996226
8.185467307069029e-22 1.495864006049
8.37677640068292e-22 1.51269475412668
8.572556731909319e-22 1.52970110022516
8.772912801613358e-22 1.54688174308958
8.97795155303332e-22 1.56423782487556
9.187782428863339e-22 1.5817705546934
9.40251742967013e-22 1.59948121114222
9.622271173675139e-22 1.61737114401627
9.84716095793377e-22 1.63543910388648
1.00773068209446e-21 1.65369194336591
1.0312831606721799e-21 1.67212853958472
1.0553861030365199e-21 1.69075052610595
1.08005237451625e-21 1.70955960236278
1.1052951411260198e-21 1.72855752963782
1.1311278765939199e-21 1.74774612605306
1.1575643695532999e-21 1.76712726060752
1.18461873090268e-21 1.78670284631861
1.21230540133765e-21 1.80647483255092
1.2406391590588298e-21 1.8264425606189
1.2696351276599698e-21 1.84661331836629
1.29930878420042e-21 1.86698645642372
1.3296759674662098e-21 1.88756398133327
1.3607528864243297e-21 1.90834789057977
1.3925561288744598e-21 1.92934016351648
1.425102670303e-21 1.95054275287028
1.45840988294399e-21 1.97195757710831
1.49249554505183e-21 1.99358651392147
1.52737785039071e-21 2.01543139509644
1.5630754179458198e-21 2.03749165030567
1.5996073018614898e-21 2.05977373014423
1.6369930016117e-21 2.08227694800142
1.67525247240822e-21 2.10500293571083
1.7144061358519698e-21 2.12795328093884
1.75447489083346e-21 2.15112953354229
1.79548012468783e-21 2.17453321371034
1.83744372461073e-21 2.19816582151707
1.8803880893409197e-21 2.2220288473081
1.92433614111598e-21 2.24612378206741
1.96931133790742e-21 2.27044922062636
2.0153376859417296e-21 2.29501251572747
2.0624397525140898e-21 2.31981227074571
2.11064267910155e-21 2.34485002828596
2.1599721947827198e-21 2.37012731990931
2.21045462997102e-21 2.39564562817421
2.26211693046903e-21 2.42140632448025
2.3149866718511595e-21 2.44741057511992
2.3690920741826296e-21 2.47365920686044
2.4244620170823296e-21 2.5001497843062
2.48112605513777e-21 2.5268873271403
2.5391144336803498e-21 2.55386754405337
2.59845810492925e-21 2.58108742591155
2.65918874451269e-21 2.60854203383244
2.7213387683753095e-21 2.63622395809641
2.7849413500806397e-21 2.66412270841751
2.8500304385181098e-21 2.69222405144317
2.9166407760236997e-21 2.72050932017845
2.9848079169243294e-21 2.74895472912767
3.0545682465154297e-21 2.77752859695203
3.1259590004822797e-21 2.80619948894258
3.1990182847750696e-21 2.83492264299612
3.2737850959485796e-21 2.863648666498
3.3502993419772293e-21 2.89232135511138
3.4286018635565895e-21 2.92087804128034
3.50873445590271e-21 2.94925025135488
3.5907398910610495e-21 2.9773646736961
3.6746619407366894e-21 3.00514441806899
3.7605453996581694e-21 3.03250621149969
3.8484361094874295e-21 3.05937909270375
3.93838098328849e-21 3.08568106767409
4.0304280305680494e-21 3.11133747606932
4.12462638290135e-21 3.136278650404
4.2210263201569e-21 3.16044150029821
4.3196792973341704e-21 3.18377086039874
4.420637972028529e-21 3.20622054473913
4.52395623253805e-21 3.22775407166099
4.629689226627269e-21 3.248337334962
4.73789339096314e-21 3.26796875050197
4.84862648123908e-21 3.28663489430291
4.9619476030029e-21 3.30433872723596
5.0779172432054e-21 3.32109181664127
5.1965973024862e-21 3.33691343442151
5.3180511282141994e-21 3.351829550697
5.44234354830027e-21 3.36587177511177
5.5695409058001294e-21 3.37907629178714
5.699711094326079e-21 3.39147617323095
5.8329235942862e-21 3.40312714446348
5.9692495099707295e-21 3.41406643835635
6.10876160750504e-21 3.42433891847111
6.2515343536897095e-21 3.43398964813227
6.3976439557484295e-21 3.44306330652631
6.547168402004739e-21 3.45160370655513
6.70018750350959e-21 3.45965340837218
6.85678293664174e-21 3.46725342031348
7.017038286703829e-21 3.47449626355306
7.18103909253735e-21 3.48131519938407
7.34887289218039e-21 3.48779631350988
7.52062926959241e-21 3.49397282788445
7.696399902471158e-21 3.49987589156701
7.87627861118706e-21 3.50553460663125
8.060361408861349e-21 3.51097607913594
8.248746552614589e-21 3.51622548909013
8.44153459601299e-21 3.52130617423234
8.63882844274045e-21 3.52622824185169
8.840733401525059e-21 3.531034643584
9.047357242349299e-21 3.53573224537597
9.25881025397396e-21 3.54033799336687
9.475205302806538e-21 3.54486749097403
9.69665789314552e-21 3.54933509831311
9.92328622883255e-21 3.55375402813715
1.0155211276345698e-20 3.55813643760958
1.03925568293671e-20 3.56237476973675
1.06354495748601e-20 3.56671259025541
1.0884019160690099e-20 3.57104482521167
1.11383982648262e-20 3.57538023016012
1.13987226661605e-20 3.57972689007183
1.1665131316982e-20 3.58409228130162
1.19377664171444e-20 3.58848332883714
1.22167734899679e-20 3.59301482258195
1.2502301459914599e-20 3.59748041286857
1.2794502732078698e-20 3.60198968117176
1.3093533273536098e-20 3.60654783333001
1.3399552696593398e-20 3.61115974716627
1.3712724343984e-20 3.61583000622671
1.4033215376054798e-20 3.62056293043148
1.4361196859990798e-20 3.62529161043429
1.4696843861124497e-20 3.63016052132867
1.50403355363803e-20 3.63510372353262
1.53918552299021e-20 3.6401247350304
1.5751590570916198e-20 3.64522692478439
1.6119733573881598e-20 3.65041352921462
1.6496480740980198e-20 3.65566127741578
1.6882033167003598e-20 3.66102542632965
1.7276596646690398e-20 3.66648301275103
1.7680381784572098e-20 3.67203687119656
1.80936041073872e-20 3.67768976200684
1.8516484179121498e-20 3.68344437915946
1.8949247718738198e-20 3.68931404816048
1.93921257206583e-20 3.69528051408969
1.9845354578057997e-20 3.70135645226507
2.0309176209047298e-20 3.7075443490769
2.0783838185797596e-20 3.71384664947506
2.1269593866686898e-20 3.72026575966754
2.17667025315346e-20 3.72685148268231
2.2275429519995598e-20 3.73351325555417
2.2796046373189798e-20 3.74029894477606
2.33288309786416e-20 3.74721082491418
2.38740677186065e-20 3.75425113767025
2.4432047621864896e-20 3.76145641337069
2.5003068519063196e-20 3.76875921301298
2.5587435201685896e-20 3.77619676215296
2.6185459584742298e-20 3.78377115293521
2.6797460873256895e-20 3.79148444122632
2.7423765732649496e-20 3.79935310724656
2.8064708463098396e-20 3.80735032319975
2.87206311779783e-20 3.81549232501278
2.93918839864689e-20 3.82378100782472
3.0078825180430995e-20 3.83220666781433
3.07818214256508e-20 3.84079760215848
3.1501247957553294e-20 3.84954092790032
3.2237488781490296e-20 3.85843837264433
3.29909368777094e-20 3.8674916156285
3.37619944111134e-20 3.87646569430776
3.45510729459222e-20 3.88582744288282
3.535859366535179e-20 3.89534940292412
3.6184987596427495e-20 3.90503304180905
3.70306958400514e-20 3.91558560151752
3.7896169806447195e-20 3.92561096432557
3.878187145610719e-20 3.93580234516076
3.9688273546371593e-20 3.94616100245838
4.06158598837698e-20 3.95605357640079
4.1565125582259896e-20 3.96674545082329
4.2536577327503895e-20 3.97760830174116
4.3530733647318895e-20 3.98864319665525
4.4548125188449897e-20 3.99980612920308
4.558929499981059e-20 4.01117619669635
4.66547988223447e-20 4.0227205882932
4.7745205385661296e-20 4.03444019081745
4.8861096711603295e-20 4.04623697928811
5.0003068424910896e-20 4.05831410238822
5.1171730071145997e-20 4.07056919397656
5.236770544204659e-20 4.08300302628597
5.35916329084851e-20 4.09664777402026
5.48441657612102e-20 4.10946300939965
5.612597255954969e-20 4.12245949051413
5.74377374882659e-20 4.13565688627259
5.878016072274909e-20 4.14900441026871
6.01539588027484e-20 4.16253481347264
6.15598650148351e-20 4.17624884669684
6.299862978380689e-20 4.18945315326652
6.447102107323869e-20 4.20351993013332
6.59778247953954e-20 4.21777246809306
6.751984523072499e-20 4.2308099327595
6.90979054571565e-20 4.24541755701276
7.071284778943e-20 4.26021392201996
7.23655342286966e-20 4.27729471940323
7.40568469226243e-20 4.29249398609429
7.57876886362593e-20 4.30788527365306
7.755898323388999e-20 4.32346995152317
7.937167617217549e-20 4.3385221377635
8.12267350047971e-20 4.35451192071114
8.31251498989063e-20 4.37070046741655
8.506793416364149e-20 4.38644592348257
8.705612479099869e-20 4.40301829732386
8.909078300934128e-20 4.41979523734113
9.11729948498492e-20 4.43803683960876
9.330387172620359e-20 4.45524028878775
9.548455102782289e-20 4.47334955067255
9.771619672696169e-20 4.49101029987459
9.999999999999999e-20 4.50888918911028
