9.999999999999999e-23 1.9396574872815138
1.0233717986325199e-22 1.908602832497785
1.0472898382363599e-22 1.8780194985264094
1.0717668854455e-22 1.8479000448056493
1.0968160052731399e-22 1.8182371982769403
1.12245056808531e-22 1.7890203255167403
1.14868425673755e-22 1.7602496150769547
1.17553107387837e-22 1.7319146216163221
1.2030053494233199e-22 1.7040086730652586
1.23112174820389e-22 1.6765252339472145
1.25989527779503e-22 1.6494579014032333
1.2893412965257198e-22 1.622800401951737
1.31947552167671e-22 1.5965465888635155
1.3503140378698698e-22 1.5706904401134985
1.38187330565363e-22 1.5452234178102338
1.41417017028902e-22 1.520145109764292
1.4472218707411297e-22 1.4954471310221413
1.48104604888068e-22 1.471123945786655
1.5156607589005997e-22 1.4471701376408528
1.5510844769528398e-22 1.4235804087006854
1.5873361110102097e-22 1.4003495785996405
1.62443501095887e-22 1.3774704668251372
1.6624009789266098e-22 1.3549424297759085
1.70125427985259e-22 1.3327584379958233
1.7410156523040197e-22 1.3109137648722522
1.7817063195457299e-22 1.2894037910333025
1.8233480008684399e-22 1.2682240009522505
1.8659629231817499e-22 1.247369979085206
1.9095738328780999e-22 1.226837405569921
1.9542040079740498e-22 1.2066197543012376
1.9998772705352898e-22 1.1867175495692344
2.0466179993919898e-22 1.167124357553083
2.09445114315147e-22 1.1478361907136039
2.14340223351486e-22 1.1288491307181447
2.19349739890506e-22 1.1101593226029898
2.24476337841322e-22 1.0917629689360098
2.29722753607115e-22 1.0736547153242642
2.3509178754572897e-22 1.0558341325270417
2.40586305464407e-22 1.038295898146755
2.4620924014946296e-22 1.0210363887508003
2.51963592931702e-22 1.004052011410149
2.5785243528842697e-22 0.9873391991222175
2.63878910482893e-22 0.9708944065832543
2.70046235242068e-22 0.9547127089675779
2.7635770147361595e-22 0.9387934288136437
2.8281667802300294e-22 0.9231316252014343
2.8942661247167497e-22 0.9077238052325706
2.96191032977255e-22 0.8925664824992211
3.03113550156758e-22 0.8776561752386501
3.1019785901380995e-22 0.8629881924823543
3.1744774091091897e-22 0.8485615227340054
3.24867065587838e-22 0.834371436753208
3.32459793227094e-22 0.8204144603066763
3.4022997656780696e-22 0.8066871200098247
3.4818176306889694e-22 0.7931859435835447
3.5631939712285894e-22 0.7799074604395893
3.6464722232127495e-22 0.7668471378264416
3.731696837732749e-22 0.7540036759464781
3.81891330478185e-22 0.7413725153128763
3.9081681775362693e-22 0.7289502043414406
3.99950909720367e-22 0.7167333008327451
4.0929848184524394e-22 0.7047183744620563
4.1886452354352697e-22 0.6929011701510679
4.286541408420929e-22 0.6812799928414269
4.3867255910484995e-22 0.6698506018766044
4.489251258218609e-22 0.6586096450862708
4.59417313463648e-22 0.647553798766868
4.701547224022129e-22 0.6366797716483382
4.811430839003259e-22 0.6259843089625929
4.923882631706739e-22 0.6154633931516486
5.03896262506515e-22 0.6051154871448804
5.15673224485497e-22 0.5949366406733814
5.27725435248354e-22 0.5849237861359363
5.40059327854237e-22 0.5750739124968735
5.526814857144599e-22 0.5653840687811174
5.655986461065009e-22 0.5558506853323878
5.788177037701279e-22 0.5464723257990136
5.9234571458758e-22 0.5372455327832776
6.061898993497569e-22 0.5281676233985304
6.203576476104269e-22 0.5192359865466046
6.348565216305219e-22 0.5104480838499894
6.496942604146119e-22 0.5018008218911443
6.64878783841726e-22 0.49329308686473733
6.8041819689271e-22 0.48492190800803076
6.96320793976388e-22 0.4766850369521506
7.125950633568409e-22 0.468580295163855
7.292496916841449e-22 0.4606055720063488
7.462935686310129e-22 0.452758326448262
7.63735791637802e-22 0.4450375852538961
7.81585670768409e-22 0.437440912706967
7.99852733679671e-22 0.42996644353853075
8.185467307069029e-22 0.4226123659687016
8.37677640068292e-22 0.41537643385453427
8.572556731909319e-22 0.4082579155943169
8.772912801613358e-22 0.4012546389383722
8.97795155303332e-22 0.3943649705757251
9.187782428863339e-22 0.3875873127756149
9.40251742967013e-22 0.38092009983566594
9.622271173675139e-22 0.3743617946179794
9.84716095793377e-22 0.3679104585814155
1.00773068209446e-21 0.361565469443051
1.0312831606721799e-21 0.3553249147020097
1.0553861030365199e-21 0.3491873394035868
1.08005237451625e-21 0.3431513019547919
1.1052951411260198e-21 0.33721537166187937
1.1311278765939199e-21 0.33137812651625015
1.1575643695532999e-21 0.32563815124191003
1.18461873090268e-21 0.3199940356346013
1.21230540133765e-21 0.31444437321349095
1.2406391590588298e-21 0.3089874519646774
1.2696351276599698e-21 0.30362249691955356
1.29930878420042e-21 0.2983477891764079
1.3296759674662098e-21 0.2931619305273758
1.3607528864243297e-21 0.2880635249937432
1.3925561288744598e-21 0.283051179628428
1.425102670303e-21 0.27812350567159916
1.45840988294399e-21 0.27327912002706944
1.49249554505183e-21 0.2685166470384322
1.52737785039071e-21 0.26383472050973966
1.5630754179458198e-21 0.25923176339242676
1.5996073018614898e-21 0.25470688674947023
1.6369930016117e-21 0.25025853751474
1.67525247240822e-21 0.2458854107964925
1.7144061358519698e-21 0.24158622321084453
1.75447489083346e-21 0.2373597153178589
1.79548012468783e-21 0.23320465397407192
1.83744372461073e-21 0.22911983461617277
1.8803880893409197e-21 0.2251040835098367
1.92433614111598e-21 0.22115626005094471
1.96931133790742e-21 0.21727507500831944
2.0153376859417296e-21 0.213459837276513
2.0624397525140898e-21 0.20970933127382618
2.11064267910155e-21 0.20602257961367887
2.1599721947827198e-21 0.20239865814056832
2.21045462997102e-21 0.19883670449192817
2.26211693046903e-21 0.19533592957197732
2.3149866718511595e-21 0.19189563267765683
2.3690920741826296e-21 0.18851522102921958
2.4244620170823296e-21 0.18519406879978467
2.48112605513777e-21 0.1819322087239122
2.5391144336803498e-21 0.17872937446748285
2.59845810492925e-21 0.17558570624498152
2.65918874451269e-21 0.1725016301904042
2.7213387683753095e-21 0.1694779075797179
2.7849413500806397e-21 0.166515684892361
2.8500304385181098e-21 0.16361654159745057
2.9166407760236997e-21 0.1607825318142851
2.9848079169243294e-21 0.15801621542372854
3.0545682465154297e-21 0.15532025888727866
3.1259590004822797e-21 0.15269900383671237
3.1990182847750696e-21 0.15015618951955043
3.2737850959485796e-21 0.14769633483152486
3.3502993419772293e-21 0.14532430844942612
3.4286018635565895e-21 0.14304521645455046
3.50873445590271e-21 0.1408642641151119
3.5907398910610495e-21 0.13878659660861098
3.6746619407366894e-21 0.1368171255504057
3.7605453996581694e-21 0.13496085292151316
3.8484361094874295e-21 0.13322079220118355
3.93838098328849e-21 0.13160051000541576
4.0304280305680494e-21 0.13010227891177278
4.12462638290135e-21 0.12872737441222534
4.2210263201569e-21 0.12747600272178583
4.3196792973341704e-21 0.12634726789142106
4.420637972028529e-21 0.1253391786942525
4.52395623253805e-21 0.12444869319164181
4.629689226627269e-21 0.12368538877835861
4.73789339096314e-21 0.1230187101370912
4.84862648123908e-21 0.12245517593609205
4.9619476030029e-21 0.12198855142669986
5.0779172432054e-21 0.12161214331505629
5.1965973024862e-21 0.12131894379406821
5.3180511282141994e-21 0.12110176824030787
5.44234354830027e-21 0.12095338220977721
5.5695409058001294e-21 0.12086661460612735
5.699711094326079e-21 0.12082845212330355
5.8329235942862e-21 0.12084373698109767
5.9692495099707295e-21 0.12090039893278273
6.10876160750504e-21 0.12099233136586203
6.2515343536897095e-21 0.12111381613864475
6.3976439557484295e-21 0.12125954472884443
6.547168402004739e-21 0.12142462823195027
6.70018750350959e-21 0.12160459799328145
6.85678293664174e-21 0.12179539863333533
7.017038286703829e-21 0.12192749044852899
7.18103909253735e-21 0.12212721924267644
7.34887289218039e-21 0.12232801241469687
7.52062926959241e-21 0.12252730095520328
7.696399902471158e-21 0.12272283057201204
7.87627861118706e-21 0.12291263722860492
8.060361408861349e-21 0.12309502279896704
8.248746552614589e-21 0.12326853128941292
8.44153459601299e-21 0.12343192596412021
8.63882844274045e-21 0.12358491057964059
8.840733401525059e-21 0.12372512806092559
9.047357242349299e-21 0.12385262587260729
9.25881025397396e-21 0.12396684037934251
9.475205302806538e-21 0.1240673321465267
9.69665789314552e-21 0.12415377113911406
9.92328622883255e-21 0.1242259232682886
1.0155211276345698e-20 0.12428363821669514
1.03925568293671e-20 0.1244438032944152
1.06354495748601e-20 0.12447372216246635
1.0884019160690099e-20 0.12448907465659749
1.11383982648262e-20 0.12448994894388733
1.13987226661605e-20 0.12447647255854126
1.1665131316982e-20 0.1244488062320081
1.19377664171444e-20 0.12440713845076971
1.22167734899679e-20 0.12424139057154504
1.2502301459914599e-20 0.12417165950672712
1.2794502732078698e-20 0.12408866920288279
1.3093533273536098e-20 0.12399267511210679
1.3399552696593398e-20 0.12388394196049288
1.3712724343984e-20 0.12376274140595808
1.4033215376054798e-20 0.12362935004236625
1.4361196859990798e-20 0.12352527237975118
1.4696843861124497e-20 0.12336843633385243
1.50403355363803e-20 0.12320023805248986
1.53918552299021e-20 0.1230209600749331
1.5751590570916198e-20 0.12283088385769082
1.6119733573881598e-20 0.12263028917765766
1.6496480740980198e-20 0.12243050196434763
1.6882033167003598e-20 0.12220972914416359
1.7276596646690398e-20 0.12197926394705264
1.7680381784572098e-20 0.12173937667583642
1.80936041073872e-20 0.12149033484472749
1.8516484179121498e-20 0.12123240321460435
1.8949247718738198e-20 0.12095490891688206
1.93921257206583e-20 0.12067998884311985
1.9845354578057997e-20 0.12039696157954459
2.0309176209047298e-20 0.12010608217835086
2.0783838185797596e-20 0.11980760376932087
2.1269593866686898e-20 0.11950177779151631
2.17667025315346e-20 0.11916460241181252
2.2275429519995598e-20 0.11884476271879774
2.2796046373189798e-20 0.11851831567419091
2.33288309786416e-20 0.1181855074815722
2.38740677186065e-20 0.11784658378783083
2.4432047621864896e-20 0.1174800443555497
2.5003068519063196e-20 0.1171300036828661
2.5587435201685896e-20 0.11677461175385168
2.6185459584742298e-20 0.11641411434516154
2.6797460873256895e-20 0.11604875727108632
2.7423765732649496e-20 0.11566762070408666
2.8064708463098396e-20 0.11529341011329243
2.87206311779783e-20 0.11491508530870796
2.93918839864689e-20 0.11453289231576509
3.0078825180430995e-20 0.1141548560578435
3.07818214256508e-20 0.11376513329054538
3.1501247957553294e-20 0.11337225315821897
3.2237488781490296e-20 0.11297646032414596
3.29909368777094e-20 0.11257799872341125
3.37619944111134e-20 0.11223626338296272
3.45510729459222e-20 0.11183337469210693
3.535859366535179e-20 0.11142855383780319
3.6184987596427495e-20 0.11102203877320185
3.70306958400514e-20 0.1104321269518835
3.7896169806447195e-20 0.11002382788831892
3.878187145610719e-20 0.10961454976082495
3.9688273546371593e-20 0.1092045197103569
4.06158598837698e-20 0.10895287313172715
4.1565125582259896e-20 0.10854025670932929
4.2536577327503895e-20 0.10812751431290826
4.3530733647318895e-20 0.10771485758903425
4.4548125188449897e-20 0.10728330501831583
4.558929499981059e-20 0.10687290045699488
4.66547988223447e-20 0.10646320399611861
4.7745205385661296e-20 0.10605440261431702
4.8861096711603295e-20 0.10567762136143263
5.0003068424910896e-20 0.1052702647176221
5.1171730071145997e-20 0.10486431774865561
5.236770544204659e-20 0.10445994129028141
5.35916329084851e-20 0.10388311242710653
5.48441657612102e-20 0.10348338263530713
5.612597255954969e-20 0.10308568744078142
5.74377374882659e-20 0.10265838496056087
5.878016072274909e-20 0.10226670719323283
6.01539588027484e-20 0.10187742610973215
6.15598650148351e-20 0.10149064546727883
6.299862978380689e-20 0.1011879626511422
6.447102107323869e-20 0.100806257545482
6.59778247953954e-20 0.10042729405521542
6.751984523072499e-20 0.10024890171509565
6.90979054571565e-20 0.09987334946254085
7.071284778943e-20 0.09950069452815846
7.23655342286966e-20 0.09884686028796631
7.40568469226243e-20 0.09848403008759539
7.57876886362593e-20 0.09812424114052337
7.755898323388999e-20 0.09776751466848976
7.937167617217549e-20 0.09753835885164854
8.12267350047971e-20 0.09718476630652598
8.31251498989063e-20 0.09683428391809797
8.506793416364149e-20 0.09653104692170605
8.705612479099869e-20 0.09618686358685337
8.909078300934128e-20 0.0958457311761796
9.11729948498492e-20 0.09537337117470557
9.330387172620359e-20 0.09504053077999974
9.548455102782289e-20 0.09469027708309859
9.771619672696169e-20 0.09436253589274987
9.999999999999999e-20 0.09403773225660306
