################################################################################
# ID   Description                                                             #
# 1    e+Ar(1S0)->e+Ar(1S0),Elastic                                            #
# 2    e+Ar(met)->e+Ar(met),Elastic                                            #
# 3    e+Ar(tot)->e+Ar(tot),Elastic                                            #
# 4    e+Ar(1S0)<->e+Ar(met),Excitation                                        #
# 5    e+Ar(1S0)<->e+Ar(tot),Excitation                                        #
# 6    e+Ar(1S0)->e+e+Ar(+,gnd),Ionization                                     #
# 7    e+Ar(met)->e+e+Ar(+,gnd),Ionization                                     #
#                                                                              #
# *** Extra rate coefficients ***                                              #
#                                                                              #
# ID   Description                                                             #
################################################################################

RedField(Td)          R1_ine(m^3s^-1)       R2_ine(m^3s^-1)       R3_ine(m^3s^-1)       R4_ine(m^3s^-1)       R4_sup(m^3s^-1)       R5_ine(m^3s^-1)       R5_sup(m^3s^-1)       R6_ine(m^3s^-1)       R7_ine(m^3s^-1)       
+1.00000000000000e-01 6.42085633351385e-15  6.42085633351385e-15  6.42085633351385e-15  0.00000000000000e+00  0.00000000000000e+00  0.00000000000000e+00  0.00000000000000e+00  0.00000000000000e+00  3.04651659837111e-30  
+1.02337179863252e-01 6.53003894455208e-15  6.53003894455208e-15  6.53003894455208e-15  0.00000000000000e+00  0.00000000000000e+00  0.00000000000000e+00  0.00000000000000e+00  0.00000000000000e+00  4.33452415315709e-30  
+1.04728983823636e-01 6.64111137776215e-15  6.64111137776215e-15  6.64111137776215e-15  0.00000000000000e+00  0.00000000000000e+00  0.00000000000000e+00  0.00000000000000e+00  0.00000000000000e+00  6.18116752424743e-30  
+1.07176688544550e-01 6.75410337585307e-15  6.75410337585307e-15  6.75410337585307e-15  0.00000000000000e+00  0.00000000000000e+00  0.00000000000000e+00  0.00000000000000e+00  0.00000000000000e+00  8.83383821159712e-30  
+1.09681600527314e-01 6.86904522408590e-15  6.86904522408590e-15  6.86904522408590e-15  0.00000000000000e+00  0.00000000000000e+00  0.00000000000000e+00  0.00000000000000e+00  0.00000000000000e+00  1.26512916249763e-29  
+1.12245056808531e-01 6.98597706416144e-15  6.98597706416144e-15  6.98597706416144e-15  0.00000000000000e+00  0.00000000000000e+00  0.00000000000000e+00  0.00000000000000e+00  0.00000000000000e+00  1.81441821731560e-29  
+1.14868425673755e-01 7.10491118388017e-15  7.10491118388017e-15  7.10491118388017e-15  0.00000000000000e+00  0.00000000000000e+00  0.00000000000000e+00  0.00000000000000e+00  0.00000000000000e+00  2.60859366211634e-29  
+1.17553107387837e-01 7.22588938101911e-15  7.22588938101911e-15  7.22588938101911e-15  0.00000000000000e+00  0.00000000000000e+00  0.00000000000000e+00  0.00000000000000e+00  0.00000000000000e+00  3.75698850685305e-29  
+1.20300534942332e-01 7.34894421609119e-15  7.34894421609119e-15  7.34894421609119e-15  0.00000000000000e+00  0.00000000000000e+00  0.00000000000000e+00  0.00000000000000e+00  0.00000000000000e+00  5.41983838991074e-29  
+1.23112174820389e-01 7.47410884234889e-15  7.47410884234889e-15  7.47410884234889e-15  0.00000000000000e+00  0.00000000000000e+00  0.00000000000000e+00  0.00000000000000e+00  0.00000000000000e+00  7.83055400158942e-29  
+1.25989527779503e-01 7.60141701504933e-15  7.60141701504933e-15  7.60141701504933e-15  0.00000000000000e+00  0.00000000000000e+00  0.00000000000000e+00  0.00000000000000e+00  0.00000000000000e+00  1.13292974534667e-28  
+1.28934129652572e-01 7.73090310094434e-15  7.73090310094434e-15  7.73090310094434e-15  0.00000000000000e+00  0.00000000000000e+00  0.00000000000000e+00  0.00000000000000e+00  0.00000000000000e+00  1.64119619282011e-28  
+1.31947552167671e-01 7.86260208828550e-15  7.86260208828550e-15  7.86260208828550e-15  0.00000000000000e+00  0.00000000000000e+00  0.00000000000000e+00  0.00000000000000e+00  0.00000000000000e+00  2.38015813272192e-28  
+1.35031403786987e-01 7.99654959755393e-15  7.99654959755393e-15  7.99654959755393e-15  0.00000000000000e+00  0.00000000000000e+00  0.00000000000000e+00  0.00000000000000e+00  0.00000000000000e+00  3.45523647530997e-28  
+1.38187330565363e-01 8.13279247272500e-15  8.13279247272500e-15  8.13279247272500e-15  0.00000000000000e+00  0.00000000000000e+00  0.00000000000000e+00  0.00000000000000e+00  0.00000000000000e+00  5.01827884024521e-28  
+1.41417017028902e-01 8.27134599585893e-15  8.27134599585893e-15  8.27134599585893e-15  0.00000000000000e+00  0.00000000000000e+00  0.00000000000000e+00  0.00000000000000e+00  0.00000000000000e+00  7.29620641346293e-28  
+1.44722187074113e-01 8.41225882661330e-15  8.41225882661330e-15  8.41225882661330e-15  0.00000000000000e+00  0.00000000000000e+00  0.00000000000000e+00  0.00000000000000e+00  0.00000000000000e+00  1.06138186343289e-27  
+1.48104604888068e-01 8.55556924475674e-15  8.55556924475674e-15  8.55556924475674e-15  0.00000000000000e+00  0.00000000000000e+00  0.00000000000000e+00  0.00000000000000e+00  0.00000000000000e+00  1.54457961559813e-27  
+1.51566075890060e-01 8.70131623499760e-15  8.70131623499760e-15  8.70131623499760e-15  0.00000000000000e+00  0.00000000000000e+00  0.00000000000000e+00  0.00000000000000e+00  0.00000000000000e+00  2.24824339205692e-27  
+1.55108447695284e-01 8.84953950647773e-15  8.84953950647773e-15  8.84953950647773e-15  0.00000000000000e+00  0.00000000000000e+00  0.00000000000000e+00  0.00000000000000e+00  0.00000000000000e+00  3.27265020756837e-27  
+1.58733611101021e-01 9.00027951407305e-15  9.00027951407305e-15  9.00027951407305e-15  0.00000000000000e+00  0.00000000000000e+00  0.00000000000000e+00  0.00000000000000e+00  0.00000000000000e+00  4.76328521959118e-27  
+1.62443501095887e-01 9.15358566614685e-15  9.15358566614685e-15  9.15358566614685e-15  0.00000000000000e+00  0.00000000000000e+00  0.00000000000000e+00  0.00000000000000e+00  0.00000000000000e+00  6.92702885555784e-27  
+1.66240097892661e-01 9.30948311944771e-15  9.30948311944771e-15  9.30948311944771e-15  0.00000000000000e+00  0.00000000000000e+00  0.00000000000000e+00  0.00000000000000e+00  0.00000000000000e+00  1.00749465095306e-26  
+1.70125427985259e-01 9.46802339387294e-15  9.46802339387294e-15  9.46802339387294e-15  0.00000000000000e+00  0.00000000000000e+00  0.00000000000000e+00  0.00000000000000e+00  0.00000000000000e+00  1.46441675688495e-26  
+1.74101565230402e-01 9.62925017508851e-15  9.62925017508851e-15  9.62925017508851e-15  0.00000000000000e+00  0.00000000000000e+00  0.00000000000000e+00  0.00000000000000e+00  0.00000000000000e+00  2.12684682818160e-26  
+1.78170631954573e-01 9.79320802603414e-15  9.79320802603414e-15  9.79320802603414e-15  0.00000000000000e+00  0.00000000000000e+00  0.00000000000000e+00  0.00000000000000e+00  0.00000000000000e+00  3.08588733012952e-26  
+1.82334800086844e-01 9.95994241705051e-15  9.95994241705051e-15  9.95994241705051e-15  0.00000000000000e+00  0.00000000000000e+00  0.00000000000000e+00  0.00000000000000e+00  0.00000000000000e+00  4.47217206375115e-26  
+1.86596292318175e-01 1.01294997566758e-14  1.01294997566758e-14  1.01294997566758e-14  0.00000000000000e+00  0.00000000000000e+00  0.00000000000000e+00  0.00000000000000e+00  0.00000000000000e+00  6.47252122973958e-26  
+1.90957383287810e-01 1.03019274228470e-14  1.03019274228470e-14  1.03019274228470e-14  0.00000000000000e+00  0.00000000000000e+00  0.00000000000000e+00  0.00000000000000e+00  0.00000000000000e+00  9.35334236159818e-26  
+1.95420400797405e-01 1.04772803454336e-14  1.04772803454336e-14  1.04772803454336e-14  0.00000000000000e+00  0.00000000000000e+00  0.00000000000000e+00  0.00000000000000e+00  0.00000000000000e+00  1.34930808318017e-25  
+1.99987727053529e-01 1.06555942810918e-14  1.06555942810918e-14  1.06555942810918e-14  0.00000000000000e+00  0.00000000000000e+00  0.00000000000000e+00  0.00000000000000e+00  0.00000000000000e+00  1.94290357924400e-25  
+2.04661799939199e-01 1.08369268190032e-14  1.08369268190032e-14  1.08369268190032e-14  0.00000000000000e+00  0.00000000000000e+00  0.00000000000000e+00  0.00000000000000e+00  0.00000000000000e+00  2.79187605367974e-25  
+2.09445114315147e-01 1.10213295230782e-14  1.10213295230782e-14  1.10213295230782e-14  0.00000000000000e+00  0.00000000000000e+00  0.00000000000000e+00  0.00000000000000e+00  0.00000000000000e+00  4.00284768696049e-25  
+2.14340223351486e-01 1.12088550773841e-14  1.12088550773841e-14  1.12088550773841e-14  0.00000000000000e+00  0.00000000000000e+00  0.00000000000000e+00  0.00000000000000e+00  0.00000000000000e+00  5.72524665914372e-25  
+2.19349739890506e-01 1.13995573132113e-14  1.13995573132113e-14  1.13995573132113e-14  0.00000000000000e+00  0.00000000000000e+00  0.00000000000000e+00  0.00000000000000e+00  0.00000000000000e+00  8.16764371814532e-25  
+2.24476337841322e-01 1.15934912345245e-14  1.15934912345245e-14  1.15934912345245e-14  0.00000000000000e+00  0.00000000000000e+00  0.00000000000000e+00  0.00000000000000e+00  0.00000000000000e+00  1.16199254716659e-24  
+2.29722753607115e-01 1.17907126012838e-14  1.17907126012838e-14  1.17907126012838e-14  0.00000000000000e+00  0.00000000000000e+00  0.00000000000000e+00  0.00000000000000e+00  0.00000000000000e+00  1.64787294960827e-24  
+2.35091787545729e-01 1.19912793158333e-14  1.19912793158333e-14  1.19912793158333e-14  0.00000000000000e+00  0.00000000000000e+00  0.00000000000000e+00  0.00000000000000e+00  0.00000000000000e+00  2.33040074328081e-24  
+2.40586305464407e-01 1.21952499965510e-14  1.21952499965510e-14  1.21952499965510e-14  0.00000000000000e+00  0.00000000000000e+00  0.00000000000000e+00  0.00000000000000e+00  0.00000000000000e+00  3.28496350743961e-24  
+2.46209240149463e-01 1.24026845548568e-14  1.24026845548568e-14  1.24026845548568e-14  0.00000000000000e+00  0.00000000000000e+00  0.00000000000000e+00  0.00000000000000e+00  0.00000000000000e+00  4.61484637785875e-24  
+2.51963592931702e-01 1.26136441729859e-14  1.26136441729859e-14  1.26136441729859e-14  0.00000000000000e+00  0.00000000000000e+00  0.00000000000000e+00  0.00000000000000e+00  0.00000000000000e+00  6.46021078520105e-24  
+2.57852435288427e-01 1.28281913172672e-14  1.28281913172672e-14  1.28281913172672e-14  0.00000000000000e+00  0.00000000000000e+00  0.00000000000000e+00  0.00000000000000e+00  0.00000000000000e+00  9.01025956754850e-24  
+2.63878910482893e-01 1.30463897493415e-14  1.30463897493415e-14  1.30463897493415e-14  0.00000000000000e+00  0.00000000000000e+00  0.00000000000000e+00  0.00000000000000e+00  0.00000000000000e+00  1.25190145142483e-23  
+2.70046235242068e-01 1.32682855533057e-14  1.32682855533057e-14  1.32682855533057e-14  0.00000000000000e+00  0.00000000000000e+00  0.00000000000000e+00  0.00000000000000e+00  0.00000000000000e+00  1.73247029834001e-23  
+2.76357701473616e-01 1.34939827987813e-14  1.34939827987813e-14  1.34939827987813e-14  0.00000000000000e+00  0.00000000000000e+00  0.00000000000000e+00  0.00000000000000e+00  0.00000000000000e+00  2.38792376036798e-23  
+2.82816678023003e-01 1.37235304762421e-14  1.37235304762421e-14  1.37235304762421e-14  0.00000000000000e+00  0.00000000000000e+00  0.00000000000000e+00  0.00000000000000e+00  0.00000000000000e+00  3.27761168300896e-23  
+2.89426612471675e-01 1.39569976005090e-14  1.39569976005090e-14  1.39569976005090e-14  0.00000000000000e+00  0.00000000000000e+00  0.00000000000000e+00  0.00000000000000e+00  0.00000000000000e+00  4.47950380515460e-23  
+2.96191032977255e-01 1.41944545083914e-14  1.41944545083914e-14  1.41944545083914e-14  0.00000000000000e+00  0.00000000000000e+00  0.00000000000000e+00  0.00000000000000e+00  0.00000000000000e+00  6.09528405745924e-23  
+3.03113550156758e-01 1.44359728587297e-14  1.44359728587297e-14  1.44359728587297e-14  0.00000000000000e+00  0.00000000000000e+00  0.00000000000000e+00  0.00000000000000e+00  0.00000000000000e+00  8.25675202032737e-23  
+3.10197859013810e-01 1.46816126677650e-14  1.46816126677650e-14  1.46816126677650e-14  0.00000000000000e+00  0.00000000000000e+00  0.00000000000000e+00  0.00000000000000e+00  0.00000000000000e+00  1.11304140129874e-22  
+3.17447740910919e-01 1.49314738925999e-14  1.49314738925999e-14  1.49314738925999e-14  0.00000000000000e+00  0.00000000000000e+00  0.00000000000000e+00  0.00000000000000e+00  0.00000000000000e+00  1.49392437521712e-22  
+3.24867065587838e-01 1.51856194502811e-14  1.51856194502811e-14  1.51856194502811e-14  0.00000000000000e+00  0.00000000000000e+00  0.00000000000000e+00  0.00000000000000e+00  0.00000000000000e+00  1.99570588815348e-22  
+3.32459793227094e-01 1.54441262583530e-14  1.54441262583530e-14  1.54441262583530e-14  0.00000000000000e+00  0.00000000000000e+00  0.00000000000000e+00  0.00000000000000e+00  0.00000000000000e+00  2.65331450016309e-22  
+3.40229976567807e-01 1.57070725348687e-14  1.57070725348687e-14  1.57070725348687e-14  0.00000000000000e+00  0.00000000000000e+00  0.00000000000000e+00  0.00000000000000e+00  0.00000000000000e+00  3.51060836722617e-22  
+3.48181763068897e-01 1.59745377903244e-14  1.59745377903244e-14  1.59745377903244e-14  0.00000000000000e+00  0.00000000000000e+00  0.00000000000000e+00  0.00000000000000e+00  0.00000000000000e+00  4.62230121653992e-22  
+3.56319397122859e-01 1.62466028185459e-14  1.62466028185459e-14  1.62466028185459e-14  0.00000000000000e+00  0.00000000000000e+00  0.00000000000000e+00  0.00000000000000e+00  0.00000000000000e+00  6.05620516954781e-22  
+3.64647222321275e-01 1.65233513438233e-14  1.65233513438233e-14  1.65233513438233e-14  0.00000000000000e+00  0.00000000000000e+00  0.00000000000000e+00  0.00000000000000e+00  0.00000000000000e+00  7.89658405597979e-22  
+3.73169683773275e-01 1.68048627841727e-14  1.68048627841727e-14  1.68048627841727e-14  0.00000000000000e+00  0.00000000000000e+00  0.00000000000000e+00  0.00000000000000e+00  0.00000000000000e+00  1.02442512034486e-21  
+3.81891330478185e-01 1.70912239878370e-14  1.70912239878370e-14  1.70912239878370e-14  0.00000000000000e+00  0.00000000000000e+00  0.00000000000000e+00  0.00000000000000e+00  0.00000000000000e+00  1.32239464474531e-21  
+3.90816817753627e-01 1.73825207770784e-14  1.73825207770784e-14  1.73825207770784e-14  0.00000000000000e+00  0.00000000000000e+00  0.00000000000000e+00  0.00000000000000e+00  0.00000000000000e+00  1.69855530024533e-21  
+3.99950909720367e-01 1.76788402041312e-14  1.76788402041312e-14  1.76788402041312e-14  0.00000000000000e+00  0.00000000000000e+00  0.00000000000000e+00  0.00000000000000e+00  0.00000000000000e+00  2.17088629146424e-21  
+4.09298481845244e-01 1.79802705412241e-14  1.79802705412241e-14  1.79802705412241e-14  0.00000000000000e+00  0.00000000000000e+00  0.00000000000000e+00  0.00000000000000e+00  0.00000000000000e+00  2.76081529706149e-21  
+4.18864523543527e-01 1.82869073971177e-14  1.82869073971177e-14  1.82869073971177e-14  0.00000000000000e+00  0.00000000000000e+00  0.00000000000000e+00  0.00000000000000e+00  0.00000000000000e+00  3.49316376629560e-21  
+4.28654140842093e-01 1.85988284585657e-14  1.85988284585657e-14  1.85988284585657e-14  0.00000000000000e+00  0.00000000000000e+00  0.00000000000000e+00  0.00000000000000e+00  0.00000000000000e+00  4.39879067479607e-21  
+4.38672559104850e-01 1.89161325051965e-14  1.89161325051965e-14  1.89161325051965e-14  0.00000000000000e+00  0.00000000000000e+00  0.00000000000000e+00  0.00000000000000e+00  0.00000000000000e+00  5.51213675629248e-21  
+4.48925125821861e-01 1.92389126258629e-14  1.92389126258629e-14  1.92389126258629e-14  0.00000000000000e+00  0.00000000000000e+00  0.00000000000000e+00  0.00000000000000e+00  0.00000000000000e+00  6.87375842146334e-21  
+4.59417313463648e-01 1.95672631127912e-14  1.95672631127912e-14  1.95672631127912e-14  0.00000000000000e+00  0.00000000000000e+00  0.00000000000000e+00  0.00000000000000e+00  0.00000000000000e+00  8.53048721118408e-21  
+4.70154722402213e-01 1.99012794698770e-14  1.99012794698770e-14  1.99012794698770e-14  0.00000000000000e+00  0.00000000000000e+00  0.00000000000000e+00  0.00000000000000e+00  0.00000000000000e+00  1.05360711701373e-20  
+4.81143083900326e-01 2.02410584267682e-14  2.02410584267682e-14  2.02410584267682e-14  0.00000000000000e+00  0.00000000000000e+00  0.00000000000000e+00  0.00000000000000e+00  0.00000000000000e+00  1.29518257156827e-20  
+4.92388263170674e-01 2.05866415246075e-14  2.05866415246075e-14  2.05866415246075e-14  0.00000000000000e+00  0.00000000000000e+00  0.00000000000000e+00  0.00000000000000e+00  0.00000000000000e+00  1.58465528286311e-20  
+5.03896262506515e-01 2.09382411575124e-14  2.09382411575124e-14  2.09382411575124e-14  0.00000000000000e+00  0.00000000000000e+00  0.00000000000000e+00  0.00000000000000e+00  0.00000000000000e+00  1.93000162307787e-20  
+5.15673224485497e-01 2.12959011672079e-14  2.12959011672079e-14  2.12959011672079e-14  0.00000000000000e+00  0.00000000000000e+00  0.00000000000000e+00  0.00000000000000e+00  0.00000000000000e+00  2.33994546555346e-20  
+5.27725435248354e-01 2.16597234638754e-14  2.16597234638754e-14  2.16597234638754e-14  0.00000000000000e+00  0.00000000000000e+00  0.00000000000000e+00  0.00000000000000e+00  0.00000000000000e+00  2.82428322681286e-20  
+5.40059327854237e-01 2.20298113612622e-14  2.20298113612622e-14  2.20298113612622e-14  0.00000000000000e+00  0.00000000000000e+00  0.00000000000000e+00  0.00000000000000e+00  0.00000000000000e+00  3.39387519425858e-20  
+5.52681485714460e-01 2.24062696369153e-14  2.24062696369153e-14  2.24062696369153e-14  0.00000000000000e+00  0.00000000000000e+00  0.00000000000000e+00  0.00000000000000e+00  0.00000000000000e+00  4.06069635144341e-20  
+5.65598646106501e-01 2.27892210987104e-14  2.27892210987104e-14  2.27892210987104e-14  0.00000000000000e+00  0.00000000000000e+00  0.00000000000000e+00  0.00000000000000e+00  0.00000000000000e+00  4.83815537144730e-20  
+5.78817703770128e-01 2.31787397186737e-14  2.31787397186737e-14  2.31787397186737e-14  0.00000000000000e+00  0.00000000000000e+00  0.00000000000000e+00  0.00000000000000e+00  0.00000000000000e+00  5.74007178037011e-20  
+5.92345714587580e-01 2.35749525785702e-14  2.35749525785702e-14  2.35749525785702e-14  0.00000000000000e+00  0.00000000000000e+00  0.00000000000000e+00  0.00000000000000e+00  0.00000000000000e+00  6.78224992784681e-20  
+6.06189899349757e-01 2.39779710819508e-14  2.39779710819508e-14  2.39779710819508e-14  0.00000000000000e+00  0.00000000000000e+00  0.00000000000000e+00  0.00000000000000e+00  0.00000000000000e+00  7.98150458595242e-20  
+6.20357647610427e-01 2.43879085206541e-14  2.43879085206541e-14  2.43879085206541e-14  0.00000000000000e+00  0.00000000000000e+00  0.00000000000000e+00  0.00000000000000e+00  0.00000000000000e+00  9.35591786974208e-20  
+6.34856521630522e-01 2.48048801809075e-14  2.48048801809075e-14  2.48048801809075e-14  0.00000000000000e+00  0.00000000000000e+00  0.00000000000000e+00  0.00000000000000e+00  0.00000000000000e+00  1.09248454033837e-19  
+6.49694260414612e-01 2.52289751898807e-14  2.52289751898807e-14  2.52289751898807e-14  0.00000000000000e+00  0.00000000000000e+00  0.00000000000000e+00  0.00000000000000e+00  0.00000000000000e+00  1.27089087490455e-19  
+6.64878783841726e-01 2.56603694141429e-14  2.56603694141429e-14  2.56603694141429e-14  0.00000000000000e+00  0.00000000000000e+00  0.00000000000000e+00  0.00000000000000e+00  0.00000000000000e+00  1.47300066527114e-19  
+6.80418196892710e-01 2.60991568245631e-14  2.60991568245631e-14  2.60991568245631e-14  0.00000000000000e+00  0.00000000000000e+00  0.00000000000000e+00  0.00000000000000e+00  0.00000000000000e+00  1.70112568750588e-19  
+6.96320793976388e-01 2.65454618353317e-14  2.65454618353317e-14  2.65454618353317e-14  0.00000000000000e+00  0.00000000000000e+00  0.00000000000000e+00  0.00000000000000e+00  0.00000000000000e+00  1.95769958547322e-19  
+7.12595063356841e-01 2.69994114434425e-14  2.69994114434425e-14  2.69994114434425e-14  0.00000000000000e+00  0.00000000000000e+00  0.00000000000000e+00  0.00000000000000e+00  0.00000000000000e+00  2.24527350207170e-19  
+7.29249691684145e-01 2.74611353502394e-14  2.74611353502394e-14  2.74611353502394e-14  0.00000000000000e+00  0.00000000000000e+00  0.00000000000000e+00  0.00000000000000e+00  0.00000000000000e+00  2.56651174436133e-19  
+7.46293568631013e-01 2.79307373660900e-14  2.79307373660900e-14  2.79307373660900e-14  0.00000000000000e+00  0.00000000000000e+00  0.00000000000000e+00  0.00000000000000e+00  0.00000000000000e+00  2.92397551753700e-19  
+7.63735791637802e-01 2.84084101569681e-14  2.84084101569681e-14  2.84084101569681e-14  0.00000000000000e+00  0.00000000000000e+00  0.00000000000000e+00  0.00000000000000e+00  0.00000000000000e+00  3.32094852382273e-19  
+7.81585670768409e-01 2.88942637680055e-14  2.88942637680055e-14  2.88942637680055e-14  0.00000000000000e+00  0.00000000000000e+00  0.00000000000000e+00  0.00000000000000e+00  0.00000000000000e+00  3.76020484644066e-19  
+7.99852733679671e-01 2.93884398929497e-14  2.93884398929497e-14  2.93884398929497e-14  0.00000000000000e+00  0.00000000000000e+00  0.00000000000000e+00  0.00000000000000e+00  0.00000000000000e+00  4.24480622263153e-19  
+8.18546730706903e-01 2.98910834989431e-14  2.98910834989431e-14  2.98910834989431e-14  0.00000000000000e+00  0.00000000000000e+00  0.00000000000000e+00  0.00000000000000e+00  0.00000000000000e+00  4.77789764865351e-19  
+8.37677640068292e-01 3.04022995297184e-14  3.04022995297184e-14  3.04022995297184e-14  1.71410261085341e-38  6.65021193977697e-17  3.09694870818761e-38  1.19621566550662e-16  0.00000000000000e+00  5.36296514266312e-19  
+8.57255673190932e-01 3.09223263431121e-14  3.09223263431121e-14  3.09223263431121e-14  4.56590328072514e-38  6.53831744770885e-17  8.24936065808067e-38  1.17608847906464e-16  0.00000000000000e+00  6.00278308375994e-19  
+8.77291280161336e-01 3.14512761501242e-14  3.14512761501242e-14  3.14512761501242e-14  1.21248222500661e-37  6.42836705238869e-17  2.19061027516084e-37  1.15631099090137e-16  0.00000000000000e+00  6.70095434459712e-19  
+8.97795155303332e-01 3.19893079412493e-14  3.19893079412493e-14  3.19893079412493e-14  3.20828281738457e-37  6.32032996107873e-17  5.79639930813791e-37  1.13687766204730e-16  0.00000000000000e+00  7.46088526224935e-19  
+9.18778242886334e-01 3.25365844091117e-14  3.25365844091117e-14  3.25365844091117e-14  8.45484687937294e-37  6.21417552855974e-17  1.52752049981849e-36  1.11778298007326e-16  0.00000000000000e+00  8.28602937672368e-19  
+9.40251742967013e-01 3.30932720107634e-14  3.30932720107634e-14  3.30932720107634e-14  2.21799120585092e-36  6.10987326296374e-17  4.00715824850313e-36  1.09902146013934e-16  0.00000000000000e+00  9.17988030186494e-19  
+9.62227117367514e-01 3.36595410210496e-14  3.36595410210496e-14  3.36595410210496e-14  5.78919764372561e-36  6.00739283453513e-17  1.04589992146995e-35  1.08058764657050e-16  0.00000000000000e+00  1.01459647497917e-18  
+9.84716095793377e-01 3.42355281665095e-14  3.42355281665095e-14  3.42355281665095e-14  1.50503198405947e-35  3.69274888917617e-16  2.71561471285795e-35  5.43655151271277e-16  0.00000000000000e+00  1.11874339361463e-18  
+1.00773068209446e+00 3.48214860258831e-14  3.48214860258831e-14  3.48214860258831e-14  3.88412873148004e-35  3.63120150419165e-16  7.00769432934718e-35  5.34590323073953e-16  0.00000000000000e+00  1.23086500806823e-18  
+1.03128316067218e+00 3.54175594248200e-14  3.54175594248200e-14  3.54175594248200e-14  9.95857116442665e-35  3.57071361578366e-16  1.79652961828791e-34  5.25681762010350e-16  0.00000000000000e+00  1.35128120202164e-18  
+1.05538610303652e+00 3.60239342523086e-14  3.60239342523086e-14  3.60239342523086e-14  2.53535634434115e-34  3.51126826397524e-16  4.57328857896000e-34  5.16926952666960e-16  0.00000000000000e+00  1.48035132582732e-18  
+1.08005237451625e+00 3.66408003366090e-14  3.66408003366090e-14  3.66408003366090e-14  6.40624924388110e-34  3.45284854499876e-16  1.15542515519568e-33  5.08323389053579e-16  0.00000000000000e+00  1.61843487491881e-18  
+1.10529514112602e+00 3.72683514389244e-14  3.72683514389244e-14  3.72683514389244e-14  1.60574903152895e-33  3.39543762968198e-16  2.89574203459036e-33  4.99868577240875e-16  0.00000000000000e+00  1.76589092878065e-18  
+1.13112787659392e+00 3.79067852369258e-14  3.79067852369258e-14  3.79067852369258e-14  3.99070115477144e-33  3.33901878208031e-16  7.19566792239455e-33  4.91560038038329e-16  0.00000000000000e+00  1.92307761351910e-18  
+1.15756436955330e+00 3.85563032986249e-14  3.85563032986249e-14  3.85563032986249e-14  9.82902175816829e-33  3.28357537813612e-16  1.77201354052587e-32  4.83395309679831e-16  0.00000000000000e+00  2.09035158732061e-18  
+1.18461873090268e+00 3.92171110472600e-14  3.92171110472600e-14  3.92171110472600e-14  2.39804098132778e-32  3.22909092420382e-16  4.32257879918050e-32  4.75371950493125e-16  0.00000000000000e+00  2.26806754816768e-18  
+1.21230540133765e+00 3.98894177182364e-14  3.98894177182364e-14  3.98894177182364e-14  5.79279605067859e-32  3.17554907524416e-16  1.04399512391538e-31  4.67487541523968e-16  0.00000000000000e+00  2.45657776347844e-18  
+1.24063915905883e+00 4.05734017672786e-14  4.05734017672786e-14  4.05734017672786e-14  1.38137888975362e-31  8.67960252441180e-16  2.48909002874122e-31  1.17720874098528e-15  0.00000000000000e+00  2.65621719060174e-18  
+1.26963512765997e+00 4.12693485761648e-14  4.12693485761648e-14  4.12693485761648e-14  3.26733087723872e-31  8.53841813743259e-16  5.88616086032501e-31  1.15804463820470e-15  0.00000000000000e+00  2.86736040184232e-18  
+1.29930878420042e+00 4.19774443787550e-14  4.19774443787550e-14  4.19774443787550e-14  7.64169886636161e-31  8.39952666372105e-16  1.37636331870071e-30  1.13919270469475e-15  0.00000000000000e+00  3.09033572292705e-18  
+1.32967596746621e+00 4.26979131334924e-14  4.26979131334924e-14  4.26979131334924e-14  1.76655605769734e-30  8.26289716587482e-16  3.18102569097160e-30  1.12064866843684e-15  0.00000000000000e+00  3.32548145538533e-18  
+1.36075288642433e+00 4.34309823458928e-14  4.34309823458928e-14  4.34309823458928e-14  4.03494210498616e-30  8.12849858661090e-16  7.26382746331309e-30  1.10240824580691e-15  0.00000000000000e+00  3.57313147958850e-18  
+1.39255612887446e+00 4.41768830251162e-14  4.41768830251162e-14  4.41768830251162e-14  9.10247005525815e-30  7.99629982552954e-16  1.63820116846108e-29  1.08446715170914e-15  0.00000000000000e+00  3.83361494694371e-18  
+1.42510267030300e+00 4.49358496519070e-14  4.49358496519070e-14  4.49358496519070e-14  2.02740943294497e-29  7.86626980858385e-16  3.64770656262790e-29  1.06682110873623e-15  0.00000000000000e+00  4.10725601233280e-18  
+1.45840988294399e+00 4.57081201621293e-14  4.57081201621293e-14  4.57081201621293e-14  4.45698382039490e-29  7.73837754985920e-16  8.01641178971938e-29  1.04946585530142e-15  0.00000000000000e+00  4.39437361272495e-18  
+1.49249554505183e+00 4.64939359493575e-14  4.64939359493575e-14  4.64939359493575e-14  9.66773067214907e-29  7.61259220558559e-16  1.73825483595576e-28  1.03239715273158e-15  0.00000000000000e+00  4.69528129820866e-18  
+1.52737785039071e+00 4.72935418906386e-14  4.72935418906386e-14  4.72935418906386e-14  2.06856010706775e-28  7.48888312011262e-16  3.71788304002583e-28  1.01561079128344e-15  0.00000000000000e+00  5.01028712204019e-18  
+1.56307541794582e+00 4.81071421577065e-14  4.81071421577065e-14  4.81071421577065e-14  4.36645139990343e-28  1.37875890063210e-15  7.84485486810747e-28  1.95711101009149e-15  0.00000000000000e+00  5.33967309079507e-18  
+1.59960730186149e+00 4.89350766949327e-14  4.89350766949327e-14  4.89350766949327e-14  9.08379927341352e-28  1.35709770477985e-15  1.63131517230951e-27  1.92642728168640e-15  0.00000000000000e+00  5.68377684708390e-18  
+1.63699300161170e+00 4.97775575896023e-14  4.97775575896023e-14  4.97775575896023e-14  1.86275275027204e-27  1.33575303747385e-15  3.34369131301063e-27  1.89618808265143e-15  0.00000000000000e+00  6.04286983828683e-18  
+1.67525247240822e+00 5.06348444631495e-14  5.06348444631495e-14  5.06348444631495e-14  3.76451917588585e-27  1.31472278129057e-15  6.75409060038247e-27  1.86639069992398e-15  0.00000000000000e+00  6.41723842159571e-18  
+1.71440613585197e+00 5.15072009723997e-14  5.15072009723997e-14  5.15072009723997e-14  7.49650827245897e-27  1.29400467826141e-15  1.34427401569768e-26  1.83703220448705e-15  0.00000000000000e+00  6.80716399222230e-18  
+1.75447489083346e+00 5.23948950001772e-14  5.23948950001772e-14  5.23948950001772e-14  1.47076453399204e-26  1.27359634122666e-15  2.63589163495163e-26  1.80810946832239e-15  0.00000000000000e+00  7.21292333140811e-18  
+1.79548012468783e+00 5.32981988591338e-14  5.32981988591338e-14  5.32981988591338e-14  2.84257601374268e-26  1.25349526391241e-15  5.09138013270161e-26  1.77961917951450e-15  0.00000000000000e+00  7.63478903306569e-18  
+1.83744372461073e+00 5.42173894929998e-14  5.42173894929998e-14  5.42173894929998e-14  5.41161352739158e-26  1.23369883007674e-15  9.68661066684131e-26  1.75155785599662e-15  0.00000000000000e+00  8.07303000114932e-18  
+1.88038808934092e+00 5.51527486510352e-14  5.51527486510352e-14  5.51527486510352e-14  1.01474929720409e-25  1.21420432217251e-15  1.81512799258925e-25  1.72392185857289e-15  0.00000000000000e+00  8.52791200392140e-18  
+1.92433614111598e+00 5.61045629994399e-14  5.61045629994399e-14  5.61045629994399e-14  1.87408826847897e-25  1.19500893010864e-15  3.34983135228057e-25  1.69670740404172e-15  0.00000000000000e+00  8.99969826319112e-18  
+1.96931133790742e+00 5.70730809421585e-14  5.70730809421585e-14  5.70730809421585e-14  3.40688975985301e-25  1.86277064740277e-15  6.08489820453794e-25  2.82890272174929e-15  0.00000000000000e+00  9.48871567855545e-18  
+2.01533768594173e+00 5.80586848675262e-14  5.80586848675262e-14  5.80586848675262e-14  6.10369214267131e-25  1.83473519055570e-15  1.08926045737945e-24  2.78663002243424e-15  0.00000000000000e+00  9.99509219870212e-18  
+2.06243975251409e+00 5.90616323780510e-14  5.90616323780510e-14  5.90616323780510e-14  1.07703926337839e-24  1.80705389196298e-15  1.92040638757287e-24  2.74487280840735e-15  0.00000000000000e+00  1.05191529339959e-17  
+2.11064267910155e+00 6.00822272728242e-14  6.00822272728242e-14  6.00822272728242e-14  1.87195785652350e-24  1.77972817065557e-15  3.33470953325947e-24  2.70363456397737e-15  0.00000000000000e+00  1.10611560047485e-17  
+2.15997219478272e+00 6.11207750614736e-14  6.11207750614736e-14  6.11207750614736e-14  3.20491401064338e-24  1.75275907788814e-15  5.70368822090624e-24  2.66291814045140e-15  0.00000000000000e+00  1.16213586559607e-17  
+2.21045462997102e+00 6.21775805097249e-14  6.21775805097249e-14  6.21775805097249e-14  5.40544127283578e-24  1.72614736281072e-15  9.61002260908907e-24  2.62272585793290e-15  0.00000000000000e+00  1.22000166384226e-17  
+2.26211693046903e+00 6.32529439934948e-14  6.32529439934948e-14  6.32529439934948e-14  8.98229090702900e-24  1.69989355501099e-15  1.59518099165825e-23  2.58305963225885e-15  0.00000000000000e+00  1.27973828743073e-17  
+2.31498667185116e+00 6.43471562896681e-14  6.43471562896681e-14  6.43471562896681e-14  1.47074910500977e-23  1.67399806847841e-15  2.60895225690615e-23  2.54392113391332e-15  0.00000000000000e+00  1.34137051463702e-17  
+2.36909207418263e+00 6.54604913720607e-14  6.54604913720607e-14  6.54604913720607e-14  2.37326919163338e-23  1.64846133182850e-15  4.20488118524924e-23  2.50531198619646e-15  0.00000000000000e+00  1.40492225008725e-17  
+2.42446201708233e+00 6.65931297429054e-14  6.65931297429054e-14  6.65931297429054e-14  3.77551486651968e-23  2.38141412799890e-15  6.68093815377846e-23  3.80530635988081e-15  0.00000000000000e+00  1.47040752728235e-17  
+2.48112605513777e+00 6.77454132460156e-14  6.77454132460156e-14  6.77454132460156e-14  5.91979474166283e-23  2.34763988148992e-15  1.04615132775908e-22  3.75191624970650e-15  0.00000000000000e+00  1.53786364514189e-17  
+2.53911443368035e+00 6.89174285076018e-14  6.89174285076018e-14  6.89174285076018e-14  9.15199076569705e-23  2.31420568068618e-15  1.61511339829392e-22  3.69902668796732e-15  0.00000000000000e+00  1.60729945498938e-17  
+2.59845810492925e+00 7.01092536220758e-14  7.01092536220758e-14  7.01092536220758e-14  1.39536470705188e-22  2.28112477538238e-15  2.45893674236643e-22  3.64666102390746e-15  0.00000000000000e+00  1.67872792359273e-17  
+2.65918874451269e+00 7.13208676506965e-14  7.13208676506965e-14  7.13208676506965e-14  2.09851701670464e-22  2.24841138540654e-15  3.69246632009396e-22  3.59484395652799e-15  0.00000000000000e+00  1.75215614714246e-17  
+2.72133876837531e+00 7.25521225844321e-14  7.25521225844321e-14  7.25521225844321e-14  3.11374724890387e-22  2.21608116817495e-15  5.47020745896227e-22  3.54360227459621e-15  0.00000000000000e+00  1.82758349336948e-17  
+2.78494135008064e+00 7.38027115178114e-14  7.38027115178114e-14  7.38027115178114e-14  4.55929342203164e-22  2.18415171550559e-15  7.99661383492816e-22  3.49296564398368e-15  0.00000000000000e+00  1.90499943394511e-17  
+2.85003043851811e+00 7.50721337113007e-14  7.50721337113007e-14  7.50721337113007e-14  6.58954815317117e-22  2.15264305940944e-15  1.15378250014427e-21  3.44296741088328e-15  0.00000000000000e+00  1.98438109867147e-17  
+2.91664077602370e+00 7.63596576632622e-14  7.63596576632622e-14  7.63596576632622e-14  9.40288810193332e-22  2.12157815977209e-15  1.64346631562356e-21  3.39364537872042e-15  0.00000000000000e+00  2.06569061374993e-17  
+2.98480791692433e+00 7.76642837836553e-14  7.76642837836553e-14  7.76642837836553e-14  1.32501524360056e-21  2.09098334067535e-15  2.31165549173207e-21  3.34504250680521e-15  0.00000000000000e+00  2.14887232059571e-17  
+3.05456824651543e+00 7.89846580403538e-14  7.89846580403538e-14  7.89846580403538e-14  1.84412349707539e-21  3.04087925164640e-15  3.21108598878194e-21  4.77221568754434e-15  2.37095820744623e-40  2.23385003172856e-17  
+3.12595900048228e+00 8.03192474057402e-14  8.03192474057402e-14  8.03192474057402e-14  2.53624961705494e-21  3.00158510922782e-15  4.40757351776260e-21  4.71047967427288e-15  7.92271793028790e-40  2.32052457254357e-17  
+3.19901828477507e+00 8.16659989259499e-14  8.16659989259499e-14  8.16659989259499e-14  3.44732543016085e-21  2.96276735874441e-15  5.97870722936364e-21  4.64948854936148e-15  2.58105947692808e-39  2.40877105047365e-17  
+3.27378509594858e+00 8.30225383423872e-14  8.30225383423872e-14  8.30225383423872e-14  4.63209446031157e-21  2.92449592770132e-15  8.01663070890235e-21  4.58935143527971e-15  8.19877740990032e-39  2.49843768411081e-17  
+3.35029934197723e+00 8.43861127334679e-14  8.43861127334679e-14  8.43861127334679e-14  6.15455181734342e-21  2.88684487998192e-15  1.06285178264993e-20  4.53018388292467e-15  2.53977312408230e-38  2.58934473782455e-17  
+3.42860186355659e+00 8.57536015815342e-14  8.57536015815342e-14  8.57536015815342e-14  8.08837043091692e-21  2.84989175308335e-15  1.39370805014315e-20  4.47210685396025e-15  7.67390282981531e-38  2.68128455341668e-17  
+3.50873445590271e+00 8.71215435411449e-14  8.71215435411449e-14  8.71215435411449e-14  1.05170897974423e-20  2.81371658017032e-15  1.80806479839223e-20  4.41524521142191e-15  2.26207460165962e-37  2.77402265615271e-17  
+3.59073989106105e+00 8.84861794236753e-14  8.84861794236753e-14  8.84861794236753e-14  1.35340331162595e-20  2.77840061563324e-15  2.32127662575976e-20  4.35972574703670e-15  6.50688295737908e-37  2.86730001262137e-17  
+3.67466194073669e+00 8.98435108203085e-14  8.98435108203085e-14  8.98435108203085e-14  1.72419338506565e-20  2.74402480685171e-15  2.95012940323203e-20  4.30567481112617e-15  1.82697544197580e-36  2.96083644490352e-17  
+3.76054539965817e+00 9.11892174686239e-14  9.11892174686239e-14  9.11892174686239e-14  2.17534253129101e-20  3.91727375300998e-15  3.71292575204262e-20  5.85777652572654e-15  5.13989304127715e-36  3.05433211581780e-17  
+3.84843610948743e+00 9.25193490800496e-14  9.25193490800496e-14  9.25193490800496e-14  2.71857057978080e-20  3.87597617506675e-15  4.62844273875633e-20  5.79495208591627e-15  1.37944325426251e-35  3.14748403115192e-17  
+3.93838098328849e+00 9.38295215439402e-14  9.38295215439402e-14  9.38295215439402e-14  3.36656629142560e-20  3.83569449839763e-15  5.71693558792188e-20  5.73375415547452e-15  3.61785158793836e-35  3.23997687042097e-17  
+4.03042803056805e+00 9.51155964246596e-14  9.51155964246596e-14  9.51155964246596e-14  4.13245187846846e-20  3.79654024417767e-15  6.99910865828946e-20  5.67434545165218e-15  9.27596972956868e-35  3.33149884717283e-17  
+4.12462638290135e+00 9.63736293006539e-14  9.63736293006539e-14  9.63736293006539e-14  5.02973356204515e-20  3.75861450397328e-15  8.49603907856295e-20  5.61687280189637e-15  2.32596281025697e-34  3.42174617787869e-17  
+4.22102632015690e+00 9.75999557306507e-14  9.75999557306507e-14  9.75999557306507e-14  6.07215299455794e-20  3.72200609868966e-15  1.02289130814968e-19  5.56146439568585e-15  5.70639770765868e-34  3.51042945516190e-17  
+4.31967929733417e+00 9.87912669264623e-14  9.87912669264623e-14  9.87912669264623e-14  7.27354314121414e-20  3.68679009634566e-15  1.22187749381998e-19  5.50822758794743e-15  1.37032902973336e-33  3.59727948394659e-17  
+4.42063797202853e+00 9.99446718752309e-14  9.99446718752309e-14  9.99446718752309e-14  8.64769574120453e-20  3.65302675495371e-15  1.44863005694295e-19  5.45724735191741e-15  3.22243883711827e-33  3.68205232204097e-17  
+4.52395623253805e+00 1.01057743666621e-13  1.01057743666621e-13  1.01057743666621e-13  1.02082463973944e-19  3.62076092684182e-15  1.70516057989430e-19  5.40858543363995e-15  7.42402828105048e-33  3.76453332939874e-17  
+4.62968922662727e+00 1.02128330493680e-13  1.02128330493680e-13  1.02128330493680e-13  1.19686684329803e-19  4.93301181123968e-15  1.99338262141198e-19  7.07584171752350e-15  1.67483183822277e-32  3.84453012414918e-17  
+4.73789339096314e+00 1.03155415171268e-13  1.03155415171268e-13  1.03155415171268e-13  1.39418774884161e-19  4.89699554261748e-15  2.31520609380239e-19  7.02322122392828e-15  3.70832203779837e-32  3.92191310174158e-17  
+4.84862648123908e+00 1.04137878050745e-13  1.04137878050745e-13  1.04137878050745e-13  1.61406555989157e-19  4.86234479675797e-15  2.67237908189896e-19  6.97274341275957e-15  8.05550862371796e-32  3.99655959311695e-17  
+4.96194760300290e+00 1.05075278546438e-13  1.05075278546438e-13  1.05075278546438e-13  1.85773423455334e-19  4.82909938588572e-15  3.06658562807094e-19  6.92445050361944e-15  1.71760722859415e-31  4.06839010590581e-17  
+5.07791724320540e+00 1.05967630828738e-13  1.05967630828738e-13  1.05967630828738e-13  2.12639133690799e-19  4.79728244612542e-15  3.49942481209350e-19  6.87836087941897e-15  3.59646450028728e-31  4.13735806946345e-17  
+5.19659730248620e+00 1.06815364708755e-13  1.06815364708755e-13  1.06815364708755e-13  2.42120108556495e-19  4.76690173173922e-15  3.97241754217302e-19  6.83447111607922e-15  7.39866103834255e-31  4.20344775792171e-17  
+5.31805112821420e+00 1.07619279926833e-13  1.07619279926833e-13  1.07619279926833e-13  2.74329921048183e-19  4.73795112996902e-15  4.48701636151762e-19  6.79275830904933e-15  1.49609210461212e-30  4.26667163885054e-17  
+5.44234354830027e+00 1.08380496470484e-13  1.08380496470484e-13  1.08380496470484e-13  3.09379924309879e-19  4.71041231396647e-15  5.04461758482270e-19  6.75318257493937e-15  2.97502858325484e-30  4.32706732633047e-17  
+5.56954090580013e+00 1.09100403302815e-13  1.09100403302815e-13  1.09100403302815e-13  3.47379986132454e-19  4.68425645807261e-15  5.64657508813805e-19  6.71568961792592e-15  5.82033693343877e-30  4.38469430663091e-17  
+5.69971109432608e+00 1.09780269776265e-13  1.09780269776265e-13  1.09780269776265e-13  3.88449200687191e-19  6.00262086159966e-15  6.29438729005183e-19  8.45309820091171e-15  1.12381903469589e-29  4.43960597174830e-17  
+5.83292359428620e+00 1.10422548972713e-13  1.10422548972713e-13  1.10422548972713e-13  4.32677697494764e-19  5.97505369018720e-15  6.98903381875521e-19  8.41423647125731e-15  2.13073477527698e-29  4.49194448605799e-17  
+5.96924950997073e+00 1.11028804213100e-13  1.11028804213100e-13  1.11028804213100e-13  4.80185155948587e-19  5.94854915584038e-15  7.73199375169509e-19  8.37698249070372e-15  3.97974450978277e-29  4.54179089832743e-17  
+6.10876160750504e+00 1.11601018717034e-13  1.11601018717034e-13  1.11601018717034e-13  5.31083790054957e-19  5.92309739983942e-15  8.52460190709163e-19  8.34130745060529e-15  7.32577570296509e-29  4.58925959974974e-17  
+6.25153435368971e+00 1.12141221871567e-13  1.12141221871567e-13  1.12141221871567e-13  5.85488478540801e-19  5.89868083032158e-15  9.36822536893605e-19  8.30717283296494e-15  1.32953509293247e-28  4.63447142848865e-17  
+6.39764395574843e+00 1.12651457560390e-13  1.12651457560390e-13  1.12651457560390e-13  6.43517536053686e-19  5.87527549093503e-15  1.02642770298593e-18  8.27453232870390e-15  2.37992951281250e-28  4.67755129919541e-17  
+6.54716840200474e+00 1.13133757365524e-13  1.13133757365524e-13  1.13133757365524e-13  7.05293436515547e-19  5.85285231488473e-15  1.12142282357203e-18  8.24333357593525e-15  4.20350908004334e-28  4.71862614181629e-17  
+6.70018750350959e+00 1.13590118447155e-13  1.13590118447155e-13  1.13590118447155e-13  7.70943484852414e-19  5.83137825401851e-15  1.22196204914823e-18  8.21351970767957e-15  7.32831552189087e-28  4.75782314697402e-17  
+6.85678293664174e+00 1.14022485777746e-13  1.14022485777746e-13  1.14022485777746e-13  8.40600436330902e-19  5.81081727901624e-15  1.32820762382554e-18  8.18503070719749e-15  1.26152678398668e-27  4.79526830462181e-17  
+7.01703828670383e+00 1.14434915199544e-13  1.14434915199544e-13  1.14434915199544e-13  9.14380247160266e-19  7.03658838603920e-15  1.44030290820947e-18  9.90561847971953e-15  2.14874006765469e-27  4.83120709434681e-17  
+7.18103909253735e+00 1.14824950487650e-13  1.14824950487650e-13  1.14824950487650e-13  9.92474364932465e-19  7.01650487248161e-15  1.55848672314916e-18  9.87788353087739e-15  3.60994893873050e-27  4.86552060384382e-17  
+7.34887289218039e+00 1.15196394018087e-13  1.15196394018087e-13  1.15196394018087e-13  1.07501199652364e-18  6.99703672764530e-15  1.68292202391106e-18  9.85103138984892e-15  5.99458697383834e-27  4.89844240218405e-17  
+7.52062926959241e+00 1.15550876778343e-13  1.15550876778343e-13  1.15550876778343e-13  1.16215294352412e-18  6.97817448097905e-15  1.81381258631742e-18  9.82504294978257e-15  9.84228605192140e-27  4.93008414123797e-17  
+7.69639990247116e+00 1.15889939122106e-13  1.15889939122106e-13  1.15889939122106e-13  1.25406487086458e-18  6.95990548231024e-15  1.95137451568679e-18  9.79989535540633e-15  1.59824887481812e-26  4.96055253576445e-17  
+7.87627861118706e+00 1.16215030108554e-13  1.16215030108554e-13  1.16215030108554e-13  1.35092368556073e-18  6.94221452773751e-15  2.09583692951879e-18  9.77556281711222e-15  2.56763675780618e-26  4.98994914174664e-17  
+8.06036140886135e+00 1.16527508285258e-13  1.16527508285258e-13  1.16527508285258e-13  1.45291389323610e-18  6.92508440640287e-15  2.24744260868061e-18  9.75201731669566e-15  4.08214612541678e-26  5.01837025062691e-17  
+8.24874655261459e+00 1.16828643605845e-13  1.16828643605845e-13  1.16828643605845e-13  1.56022893747251e-18  6.90849637393913e-15  2.40644862621196e-18  9.72922921346862e-15  6.42436863579134e-26  5.04590687800118e-17  
+8.44153459601299e+00 1.17119620214488e-13  1.17119620214488e-13  1.17119620214488e-13  1.67307152666900e-18  6.89243055891121e-15  2.57312696205411e-18  9.70716775999151e-15  1.00109830450156e-25  5.07264482777663e-17  
+8.63882844274045e+00 1.17400999781037e-13  1.17400999781037e-13  1.17400999781037e-13  1.79169103175276e-18  7.97360566001116e-15  2.74777976400663e-18  1.13051413880047e-14  1.54673230105368e-25  5.09862962687038e-17  
+8.84073340152506e+00 1.17674887670146e-13  1.17674887670146e-13  1.17674887670146e-13  1.91623670868732e-18  7.95998378761329e-15  2.93068145206432e-18  1.12866181379129e-14  2.36485373080121e-25  5.12400756042043e-17  
+9.04735724234930e+00 1.17941691068794e-13  1.17941691068794e-13  1.17941691068794e-13  2.04697681414638e-18  7.94665325787882e-15  3.12216693695324e-18  1.12684780915063e-14  3.58285539042730e-25  5.14881442797800e-17  
+9.25881025397396e+00 1.18202288818214e-13  1.18202288818214e-13  1.18202288818214e-13  2.18415427762765e-18  7.93361187714980e-15  3.32257394042669e-18  1.12507182036002e-14  5.38014426319230e-25  5.17311680703327e-17  
+9.47520530280654e+00 1.18457494122920e-13  1.18457494122920e-13  1.18457494122920e-13  2.32802287821641e-18  7.92085572788177e-15  3.53225818814068e-18  1.12333331318724e-14  8.00937994922627e-25  5.19697701839194e-17  
+9.69665789314552e+00 1.18708058913962e-13  1.18708058913962e-13  1.18708058913962e-13  2.47884757396923e-18  7.90837945313408e-15  3.75159406972206e-18  1.12163156148619e-14  1.18233873478177e-24  5.22045337304359e-17  
+9.92328622883255e+00 1.18954678127399e-13  1.18954678127399e-13  1.18954678127399e-13  2.63690484134329e-18  7.89617650585223e-15  3.98097532107804e-18  1.11996568032194e-14  1.73108276622716e-24  5.24360042179222e-17  
+1.01552112763457e+01 1.19197993852943e-13  1.19197993852943e-13  1.19197993852943e-13  2.80248302679718e-18  7.88423936636998e-15  4.22081573168427e-18  1.11833465487338e-14  2.51430945416439e-24  5.26646920359444e-17  
+1.03925568293671e+01 1.19434268368226e-13  1.19434268368226e-13  1.19434268368226e-13  2.97569798127523e-18  8.74889802361694e-15  4.47143408823970e-18  1.25018287232430e-14  3.61456698847389e-24  5.28890454997783e-17  
+1.06354495748601e+01 1.19672546094328e-13  1.19672546094328e-13  1.19672546094328e-13  3.15721807262437e-18  8.74105069793704e-15  4.73350315431972e-18  1.24916749166530e-14  5.16971190909867e-24  5.31134865209452e-17  
+1.08840191606901e+01 1.19909165923406e-13  1.19909165923406e-13  1.19909165923406e-13  3.34719808487108e-18  8.73329524060070e-15  5.00739919041600e-18  1.24816082814635e-14  7.33943469554326e-24  5.33364875824422e-17  
+1.11383982648262e+01 1.20144596425204e-13  1.20144596425204e-13  1.20144596425204e-13  3.54597759653815e-18  8.72563360631043e-15  5.29362373838059e-18  1.24716335887461e-14  1.03449181700853e-23  5.35584421594073e-17  
+1.13987226661605e+01 1.20379271241877e-13  1.20379271241877e-13  1.20379271241877e-13  3.75391005062250e-18  8.71806662091749e-15  5.59270235719172e-18  1.24617539281670e-14  1.44790265342069e-23  5.37797199503904e-17  
+1.16651313169820e+01 1.20613592043256e-13  1.20613592043256e-13  1.20613592043256e-13  3.97136321262501e-18  8.71059412728448e-15  5.90518551052598e-18  1.24519709132442e-14  2.01269040162849e-23  5.40006688427520e-17  
+1.19377664171444e+01 1.20847931274239e-13  1.20847931274239e-13  1.20847931274239e-13  4.19871965112894e-18  8.70321511496149e-15  6.23164948666435e-18  1.24422848645551e-14  2.77917054167373e-23  5.42216167670015e-17  
+1.22167734899679e+01 1.21086512969417e-13  1.21086512969417e-13  1.21086512969417e-13  4.43673399767705e-18  9.23817488966135e-15  6.57302800769185e-18  1.32950371764615e-14  3.82521040634724e-23  5.44444317567871e-17  
+1.25023014599146e+01 1.21322081162382e-13  1.21322081162382e-13  1.21322081162382e-13  4.68512829355463e-18  9.23608820990353e-15  6.92931733927602e-18  1.32936658619252e-14  5.21447501987488e-23  5.46663880484056e-17  
+1.27945027320787e+01 1.21558636825392e-13  1.21558636825392e-13  1.21558636825392e-13  4.94466901742197e-18  9.23399247870643e-15  7.30148311910472e-18  1.32922350779440e-14  7.06447930668283e-23  5.48892263424992e-17  
+1.30935332735361e+01 1.21796459104715e-13  1.21796459104715e-13  1.21796459104715e-13  5.21580336234048e-18  9.23189038511115e-15  7.69021493900118e-18  1.32907510521659e-14  9.51330476198651e-23  5.51132111812246e-17  
+1.33995526965934e+01 1.22035808804057e-13  1.22035808804057e-13  1.22035808804057e-13  5.49899611590824e-18  9.22978389767464e-15  8.09623330372706e-18  1.32892188624872e-14  1.27359077767109e-22  5.53385948437827e-17  
+1.37127243439840e+01 1.22276930052977e-13  1.22276930052977e-13  1.22276930052977e-13  5.79473030024929e-18  9.22767433811885e-15  8.52029073613170e-18  1.32876425452495e-14  1.69527216554727e-22  5.55656186013443e-17  
+1.40332153760548e+01 1.22520051828838e-13  1.22520051828838e-13  1.22520051828838e-13  6.10350784169140e-18  9.22556244731664e-15  8.96317290900303e-18  1.32860251927702e-14  2.24399588629865e-22  5.57945138919908e-17  
+1.43611968599908e+01 1.22762594166396e-13  1.22762594166396e-13  1.22762594166396e-13  6.42575388090883e-18  9.48939660375049e-15  9.42562378699991e-18  1.37355874132653e-14  2.95473498749178e-22  5.60239911587004e-17  
+1.46968438611245e+01 1.23010294550130e-13  1.23010294550130e-13  1.23010294550130e-13  6.76219348433094e-18  9.49221082398241e-15  9.90863830542656e-18  1.37423688040022e-14  3.86924181675405e-22  5.62572604343196e-17  
+1.50403355363803e+01 1.23260603767597e-13  1.23260603767597e-13  1.23260603767597e-13  7.11330214163881e-18  9.49502822078634e-15  1.04130441747926e-17  1.37491255201418e-14  5.04060655170245e-22  5.64930464913782e-17  
+1.53918552299021e+01 1.23513702813667e-13  1.23513702813667e-13  1.23513702813667e-13  7.47966467601500e-18  9.49784836860712e-15  1.09397714023344e-17  1.37558587083598e-14  6.53348639435826e-22  5.67315518351115e-17  
+1.57515905709162e+01 1.23769763282491e-13  1.23769763282491e-13  1.23769763282491e-13  7.86188863257018e-18  9.50067048134083e-15  1.14897891388404e-17  1.37625689005336e-14  8.42687668422331e-22  5.69729740828345e-17  
+1.61197335738816e+01 1.24028948204177e-13  1.24028948204177e-13  1.24028948204177e-13  8.26060513946939e-18  9.50349344301066e-15  1.20641069288068e-17  1.37692560606902e-14  1.08168421125808e-21  5.72175068210759e-17  
+1.64964807409802e+01 1.24290385204837e-13  1.24290385204837e-13  1.24290385204837e-13  8.67642012979947e-18  9.56941402905904e-15  1.26636782562235e-17  1.38914234744414e-14  1.37897948794258e-21  5.74646840776680e-17  
+1.68820331670036e+01 1.24556254811644e-13  1.24556254811644e-13  1.24556254811644e-13  9.11010401471182e-18  9.57511248885812e-15  1.32897786164796e-17  1.39034042300532e-14  1.75371603112582e-21  5.77159923900694e-17  
+1.72765966466904e+01 1.24825692268933e-13  1.24825692268933e-13  1.24825692268933e-13  9.56232285988229e-18  9.58089023166344e-15  1.39434604239111e-17  1.39155152415004e-14  2.22036075375138e-21  5.79709747762723e-17  
+1.76803817845721e+01 1.25098832927686e-13  1.25098832927686e-13  1.25098832927686e-13  1.00338111351768e-17  9.58674541478479e-15  1.46259070959215e-17  1.39277552847685e-14  2.79896803631373e-21  5.82298167418945e-17  
+1.80936041073872e+01 1.25375806569705e-13  1.25375806569705e-13  1.25375806569705e-13  1.05253316484002e-17  9.59267591042394e-15  1.53383487353875e-17  1.39401226194500e-14  3.51340750586383e-21  5.84927038272283e-17  
+1.85164841791215e+01 1.25656737813400e-13  1.25656737813400e-13  1.25656737813400e-13  1.10376765930303e-17  9.59867931886853e-15  1.60820633886509e-17  1.39526150103121e-14  4.39197780360886e-21  5.87598224435749e-17  
+1.89492477187382e+01 1.25942172534586e-13  1.25942172534586e-13  1.25942172534586e-13  1.15717818099904e-17  9.61240041160627e-15  1.68585376274919e-17  1.39819374861024e-14  5.46738826095647e-21  5.90314924029376e-17  
+1.93921257206583e+01 1.26231397753124e-13  1.26231397753124e-13  1.26231397753124e-13  1.21282797781787e-17  9.61947093986886e-15  1.76688380483678e-17  1.39965402651513e-14  6.78017598378642e-21  5.93076561386825e-17  
+1.98453545780580e+01 1.26524926769824e-13  1.26524926769824e-13  1.26524926769824e-13  1.27081660615242e-17  9.62666734685692e-15  1.85145458294630e-17  1.40113835694409e-14  8.37588422637073e-21  5.95886247878610e-17  
+2.03091762090473e+01 1.26822866588855e-13  1.26822866588855e-13  1.26822866588855e-13  1.33123614009640e-17  9.63398870517337e-15  1.93971430676327e-17  1.40264683845399e-14  1.03083521275920e-20  5.98745973135269e-17  
+2.07838381857976e+01 1.27125320364158e-13  1.27125320364158e-13  1.27125320364158e-13  1.39418215559207e-17  9.64143384738503e-15  2.03181658527677e-17  1.40417952562354e-14  1.26402557331573e-20  6.01657783589202e-17  
+2.12695938666869e+01 1.27432387545369e-13  1.27432387545369e-13  1.27432387545369e-13  1.45975384980920e-17  9.64900136436360e-15  2.12792054052629e-17  1.40573642865162e-14  1.54443138284773e-20  6.04623794067430e-17  
+2.17667025315346e+01 1.27746133208701e-13  1.27746133208701e-13  1.27746133208701e-13  1.52810915804300e-17  9.65276683637887e-15  2.22827490745534e-17  1.40683414641564e-14  1.88553093558686e-20  6.07657990420195e-17  
+2.22754295199956e+01 1.28062798582286e-13  1.28062798582286e-13  1.28062798582286e-13  1.59925243401168e-17  9.66082483148687e-15  2.33289212511128e-17  1.40849320302633e-14  2.28797011173280e-20  6.10739770353667e-17  
+2.27960463731898e+01 1.28384359148149e-13  1.28384359148149e-13  1.28384359148149e-13  1.67334291763267e-17  9.66902518442874e-15  2.44202392255731e-17  1.41018189241055e-14  2.76707714146768e-20  6.13882692128338e-17  
+2.33288309786416e+01 1.28710900749098e-13  1.28710900749098e-13  1.28710900749098e-13  1.75049563615817e-17  9.67736749259345e-15  2.55585271402225e-17  1.41190048600307e-14  3.33565098882168e-20  6.17089286084649e-17  
+2.38740677186065e+01 1.29042505855636e-13  1.29042505855636e-13  1.29042505855636e-13  1.83082986696192e-17  9.68585117677799e-15  2.67456695760403e-17  1.41364922609145e-14  4.00831292300330e-20  6.20362225425269e-17  
+2.44320476218649e+01 1.29380700033494e-13  1.29380700033494e-13  1.29380700033494e-13  1.91437202191776e-17  9.68866087533478e-15  2.79829716247658e-17  1.41456083805916e-14  4.78006867331624e-20  6.23707903936506e-17  
+2.50030685190632e+01 1.29722625240021e-13  1.29722625240021e-13  1.29722625240021e-13  2.00142871290880e-17  9.69747752102921e-15  2.92735212266314e-17  1.41638191056121e-14  5.70895935824220e-20  6.27121509907937e-17  
+2.55874352016859e+01 1.30069832216762e-13  1.30069832216762e-13  1.30069832216762e-13  2.09204913519316e-17  9.70643927090385e-15  3.06189174798062e-17  1.41823529333035e-14  6.79823450417182e-20  6.30610402247626e-17  
+2.61854595847423e+01 1.30422389202232e-13  1.30422389202232e-13  1.30422389202232e-13  2.18637053743702e-17  9.71554558538086e-15  3.20212912824828e-17  1.42012130024626e-14  8.07200646277694e-20  6.34178015402623e-17  
+2.67974608732569e+01 1.30780360915213e-13  1.30780360915213e-13  1.30780360915213e-13  2.28453501754451e-17  9.72479578219051e-15  3.34828376623059e-17  1.42204022626624e-14  9.55744962893591e-20  6.37828036613785e-17  
+2.74237657326495e+01 1.31144282172617e-13  1.31144282172617e-13  1.31144282172617e-13  2.38672277675837e-17  9.73104702908009e-15  3.50054724005387e-17  1.42351281122837e-14  1.12747571834027e-19  6.41566001047269e-17  
+2.80647084630984e+01 1.31513269048638e-13  1.31513269048638e-13  1.31513269048638e-13  2.49301607828774e-17  9.74059436462609e-15  3.65921488992103e-17  1.42550058251773e-14  1.32771243236649e-19  6.45392942324807e-17  
+2.87206311779783e+01 1.31887841082598e-13  1.31887841082598e-13  1.31887841082598e-13  2.60360834734841e-17  9.75028393288645e-15  3.82449647965144e-17  1.42752238780487e-14  1.55940283853279e-19  6.49315122956611e-17  
+2.93918839864689e+01 1.32268048162138e-13  1.32268048162138e-13  1.32268048162138e-13  2.71866218359709e-17  9.76011465065095e-15  3.99663765304397e-17  1.42957849809343e-14  1.82682129701362e-19  6.53337538884811e-17  
+3.00788251804310e+01 1.32653724818891e-13  1.32653724818891e-13  1.32653724818891e-13  2.83866348033445e-17  9.77342847351344e-15  4.17627677419961e-17  1.43218110614863e-14  2.14349113733257e-19  6.57472801118206e-17  
+3.07818214256508e+01 1.33045481272158e-13  1.33045481272158e-13  1.33045481272158e-13  2.96319399027814e-17  9.78353807751745e-15  4.36295975991182e-17  1.43430725189542e-14  2.49857280526412e-19  6.61714739327326e-17  
+3.15012479575533e+01 1.33443011054153e-13  1.33443011054153e-13  1.33443011054153e-13  3.09271197032032e-17  9.79378525286343e-15  4.55728664863866e-17  1.43646854113528e-14  2.90549249224039e-19  6.66074832693921e-17  
+3.22374887814903e+01 1.33846348668018e-13  1.33846348668018e-13  1.33846348668018e-13  3.22740280658592e-17  9.80416838405605e-15  4.75953069988381e-17  1.43866519230345e-14  3.37076293767038e-19  6.70560015420907e-17  
+3.29909368777094e+01 1.34255524461582e-13  1.34255524461582e-13  1.34255524461582e-13  3.36745774168415e-17  9.81468570898137e-15  4.96997204146402e-17  1.44089740769224e-14  3.90157547402376e-19  6.75177815601984e-17  
+3.37619944111134e+01 1.34660704393281e-13  1.34660704393281e-13  1.34660704393281e-13  3.51224341184147e-17  9.83863287392669e-15  5.18783180396900e-17  1.44524267763422e-14  4.49021472538983e-19  6.79861374457325e-17  
+3.45510729459222e+01 1.35081275121193e-13  1.35081275121193e-13  1.35081275121193e-13  3.66353955130634e-17  9.84937273651196e-15  5.41541908105189e-17  1.44754230010323e-14  5.17433996934266e-19  6.84764627584646e-17  
+3.53585936653518e+01 1.35507735517925e-13  1.35507735517925e-13  1.35507735517925e-13  3.82080161991657e-17  9.86023988005276e-15  5.65207434009491e-17  1.44987789707708e-14  5.94991181565819e-19  6.89826751286532e-17  
+3.61849875964275e+01 1.35940098441339e-13  1.35940098441339e-13  1.35940098441339e-13  3.98424456302568e-17  9.87123195067414e-15  5.89810465096513e-17  1.45224960513731e-14  6.82738103046923e-19  6.95058159609730e-17  
+3.70306958400514e+01 1.36408335015741e-13  1.36408335015741e-13  1.36408335015741e-13  4.15568177661232e-17  9.83702179716033e-15  6.15594688947540e-17  1.44756799815506e-14  7.83919225480152e-19  7.00676434446441e-17  
+3.78961698064472e+01 1.36853182325067e-13  1.36853182325067e-13  1.36853182325067e-13  4.33228537246733e-17  9.84837567481121e-15  6.42186017879585e-17  1.45002361209255e-14  8.95870987782357e-19  7.06289369124653e-17  
+3.87818714561072e+01 1.37303956253204e-13  1.37303956253204e-13  1.37303956253204e-13  4.51576218309380e-17  9.85984793293108e-15  6.69812592533628e-17  1.45251578554435e-14  1.02179942067209e-18  7.12108880127212e-17  
+3.96882735463716e+01 1.37760651816723e-13  1.37760651816723e-13  1.37760651816723e-13  4.70635314509499e-17  9.87143561966472e-15  6.98508027943598e-17  1.45504458879807e-14  1.16318856586095e-18  7.18149360170741e-17  
+4.06158598837698e+01 1.38196168361828e-13  1.38196168361828e-13  1.38196168361828e-13  4.90388322713721e-17  9.92677963827200e-15  7.28253199819618e-17  1.46446534992529e-14  1.32382356263135e-18  7.24282317724157e-17  
+4.15651255822599e+01 1.38664403277273e-13  1.38664403277273e-13  1.38664403277273e-13  5.10946203260303e-17  9.93848225979315e-15  7.59191201629641e-17  1.46705868741910e-14  1.50138961447434e-18  7.30813182438877e-17  
+4.25365773275039e+01 1.39138525801480e-13  1.39138525801480e-13  1.39138525801480e-13  5.32292050866800e-17  9.95028981741695e-15  7.91303695659231e-17  1.46968876103924e-14  1.69970269400499e-18  7.37615912618075e-17  
+4.35307336473189e+01 1.39618513638083e-13  1.39618513638083e-13  1.39618513638083e-13  5.54452628191730e-17  9.96219881141518e-15  8.24627258673638e-17  1.47235558233605e-14  1.92081372997902e-18  7.44710136212077e-17  
+4.45481251884499e+01 1.40102610670895e-13  1.40102610670895e-13  1.40102610670895e-13  5.77177201444335e-17  9.96248727283929e-15  8.58834010283019e-17  1.47320917992102e-14  2.15587500964364e-18  7.51984486874247e-17  
+4.55892949998106e+01 1.40593770359769e-13  1.40593770359769e-13  1.40593770359769e-13  6.01021753817334e-17  9.97459865839619e-15  8.94652579454194e-17  1.47594840615718e-14  2.42804153360148e-18  7.59709529491694e-17  
+4.66547988223447e+01 1.41090678159794e-13  1.41090678159794e-13  1.41090678159794e-13  6.25763074508345e-17  9.98679988551393e-15  9.31793248623756e-17  1.47872419505336e-14  2.73003637090673e-18  7.67792860667838e-17  
+4.77452053856613e+01 1.41593294784251e-13  1.41593294784251e-13  1.41593294784251e-13  6.51430518396816e-17  9.99908697726172e-15  9.70295494907976e-17  1.48153650380029e-14  3.06461170512955e-18  7.76260678590284e-17  
+4.88610967116033e+01 1.42097280509730e-13  1.42097280509730e-13  1.42097280509730e-13  6.78202085865390e-17  1.00233793355102e-14  1.01037358481474e-16  1.48627655005971e-14  3.44240267435896e-18  7.85194402745013e-17  
+5.00030684249109e+01 1.42611343042627e-13  1.42611343042627e-13  1.42611343042627e-13  7.05827029591819e-17  1.00358017748328e-14  1.05174055533454e-16  1.48916065544842e-14  3.85207790091724e-18  7.94527309646671e-17  
+5.11717300711460e+01 1.43130983942833e-13  1.43130983942833e-13  1.43130983942833e-13  7.34471402180013e-17  1.00482974683860e-14  1.09459396301917e-16  1.49208113739342e-14  4.30393707318501e-18  8.04336207085047e-17  
+5.23677054420466e+01 1.43656148920805e-13  1.43656148920805e-13  1.43656148920805e-13  7.64167392231573e-17  1.00608620301262e-14  1.13897668259345e-16  1.49503791331197e-14  4.80161983939363e-18  8.14655748309055e-17  
+5.35916329084851e+01 1.44231491144497e-13  1.44231491144497e-13  1.44231491144497e-13  7.95571704183342e-17  1.00290892876539e-14  1.18584089905831e-16  1.49095632182065e-14  5.36620588722128e-18  8.26005122634601e-17  
+5.48441657612102e+01 1.44768498960082e-13  1.44768498960082e-13  1.44768498960082e-13  8.27516542597903e-17  1.00419252839267e-14  1.23348089536578e-16  1.49399982076888e-14  5.96939462118459e-18  8.37487649824008e-17  
+5.61259725595497e+01 1.45310856628136e-13  1.45310856628136e-13  1.45310856628136e-13  8.60616627713768e-17  1.00548174967385e-14  1.28278824529093e-16  1.49707943322260e-14  6.63106048933126e-18  8.49601669602313e-17  
+5.74377374882659e+01 1.45860180505277e-13  1.45860180505277e-13  1.45860180505277e-13  8.94387295297989e-17  1.00503673059293e-14  1.33308785101374e-16  1.49740668448378e-14  7.32950843674853e-18  8.62121203043114e-17  
+5.87801607227491e+01 1.46412528789061e-13  1.46412528789061e-13  1.46412528789061e-13  9.29859901078466e-17  1.00633887701425e-14  1.38580891850715e-16  1.50055826382228e-14  8.11984157747550e-18  8.75604596710715e-17  
+6.01539588027484e+01 1.46969997986885e-13  1.46969997986885e-13  1.46969997986885e-13  9.66592683069515e-17  1.00764522389627e-14  1.44033672732294e-16  1.50374552800430e-14  8.98351834517214e-18  8.89861347932820e-17  
+6.15598650148351e+01 1.47532513238959e-13  1.47532513238959e-13  1.47532513238959e-13  1.00462293376902e-16  1.00895528592742e-14  1.49672103763459e-16  1.50696836427401e-14  9.92620282991977e-18  9.04945724681300e-17  
+6.29986297838069e+01 1.48070436359378e-13  1.48070436359378e-13  1.48070436359378e-13  1.04323085263137e-16  1.01197279928939e-14  1.55394034455656e-16  1.51295966241218e-14  1.09203523546416e-17  9.20369551707143e-17  
+6.44710210732387e+01 1.48642121752786e-13  1.48642121752786e-13  1.48642121752786e-13  1.08391642891602e-16  1.01328194841790e-14  1.61411406236420e-16  1.51624549096100e-14  1.20361581614658e-17  9.37247447656305e-17  
+6.59778247953954e+01 1.49218610368635e-13  1.49218610368635e-13  1.49218610368635e-13  1.12601301021542e-16  1.01459331247835e-14  1.67629636883044e-16  1.51956650123381e-14  1.32498275110314e-17  9.55133939773129e-17  
+6.75198452307250e+01 1.49738511374684e-13  1.49738511374684e-13  1.49738511374684e-13  1.16859795264072e-16  1.02182392078575e-14  1.73911393950662e-16  1.53248271945619e-14  1.45426083778841e-17  9.73421616460090e-17  
+6.90979054571565e+01 1.50323483194861e-13  1.50323483194861e-13  1.50323483194861e-13  1.21358246352321e-16  1.02311837798566e-14  1.80539639329549e-16  1.53585619285652e-14  1.59712101858586e-17  9.93501670047969e-17  
+7.07128477894300e+01 1.50913023101918e-13  1.50913023101918e-13  1.50913023101918e-13  1.26009872425174e-16  1.02441350407161e-14  1.87385116843241e-16  1.53926457255300e-14  1.75200718795951e-17  1.01480631997679e-16  
+7.23655342286966e+01 1.51599658317662e-13  1.51599658317662e-13  1.51599658317662e-13  1.30957355571670e-16  1.01670526972305e-14  1.94652802520748e-16  1.52808763007560e-14  1.92323667484601e-17  1.03843031625878e-16  
+7.40568469226243e+01 1.52199115401417e-13  1.52199115401417e-13  1.52199115401417e-13  1.35935598763862e-16  1.01803034288405e-14  2.01961227629559e-16  1.53159110730092e-14  2.10507025099588e-17  1.06247634444295e-16  
+7.57876886362593e+01 1.52802871368490e-13  1.52802871368490e-13  1.52802871368490e-13  1.41080399265993e-16  1.01935473773905e-14  2.09505386749982e-16  1.53512935839102e-14  2.30161487154214e-17  1.08800697456619e-16  
+7.75589832338900e+01 1.53410842548898e-13  1.53410842548898e-13  1.53410842548898e-13  1.46396294562845e-16  1.02067797047754e-14  2.17291632488833e-16  1.53870236401688e-14  2.51385610910769e-17  1.11511789556203e-16  
+7.93716761721755e+01 1.53988287298899e-13  1.53988287298899e-13  1.53988287298899e-13  1.51974817187114e-16  1.02747398014684e-14  2.25442709438274e-16  1.55128372627347e-14  2.75131856556676e-17  1.14446867958802e-16  
+8.12267350047971e+01 1.54604820370302e-13  1.54604820370302e-13  1.54604820370302e-13  1.57653121602935e-16  1.02877704705412e-14  2.33741558444036e-16  1.55491680894510e-14  2.99881914089471e-17  1.17511739511634e-16  
+8.31251498989063e+01 1.55225339930587e-13  1.55225339930587e-13  1.55225339930587e-13  1.63516949801802e-16  1.03007741613994e-14  2.42303034127460e-16  1.55858474399070e-14  3.26534276002421e-17  1.20767038280659e-16  
+8.50679341636415e+01 1.55823333898680e-13  1.55823333898680e-13  1.55823333898680e-13  1.69405937172170e-16  1.03181223879724e-14  2.50909693218729e-16  1.56299162155184e-14  3.54212298415004e-17  1.24106042841526e-16  
+8.70561247909987e+01 1.56450901983375e-13  1.56450901983375e-13  1.56450901983375e-13  1.75646223101358e-16  1.03310276475579e-14  2.60004630874254e-16  1.56672393796700e-14  3.84956189649876e-17  1.27769476364212e-16  
+8.90907830093413e+01 1.57082217725944e-13  1.57082217725944e-13  1.57082217725944e-13  1.82086688803874e-16  1.03438922722902e-14  2.69383622318464e-16  1.57049133792825e-14  4.17978736855530e-17  1.31660097097128e-16  
+9.11729948498492e+01 1.57773794058760e-13  1.57773794058760e-13  1.57773794058760e-13  1.88855785419314e-16  1.03090119311794e-14  2.79237648429105e-16  1.56642540642892e-14  4.53888368025807e-17  1.35882290224054e-16  
+9.33038717262036e+01 1.58412793321588e-13  1.58412793321588e-13  1.58412793321588e-13  1.95718309091687e-16  1.03219516228989e-14  2.89217124490665e-16  1.57027731120417e-14  4.91934729027220e-17  1.40273648780152e-16  
+9.54845510278229e+01 1.59080173938961e-13  1.59080173938961e-13  1.59080173938961e-13  2.03103899136619e-16  1.03469502020614e-14  2.99940751639273e-16  1.57623352330594e-14  5.35007725081140e-17  1.45183157704239e-16  
+9.77161967269617e+01 1.59727086950283e-13  1.59727086950283e-13  1.59727086950283e-13  2.10421130797690e-16  1.03597563616214e-14  3.10569253727042e-16  1.58016056956767e-14  5.78838394770705e-17  1.50150064867302e-16  
+1.00000000000000e+02 1.60377361691753e-13  1.60377361691753e-13  1.60377361691753e-13  2.17966384786668e-16  1.03724990443559e-14  3.21524250957781e-16  1.58412366852665e-14  6.25734295031786e-17  1.55421338156363e-16  
