RedField(Td)          RedDiff((ms)^-1)      RedMob((msV)^-1)      DriftVelocity(ms^-1)  RedTow(m^2)           RedAtt(m^2)           RedDiffE(eV(ms)^-1)   RedMobE(eV(msV)^-1)   MeanE(eV)             CharE(eV)             EleTemp(eV)           
+1.00000000000000e-01 +2.46374233798333e+25 +1.58166786176598e+25 +1.58166786176598e+03 +0.00000000000000e+00 +0.00000000000000e+00 +1.47376620423992e+25 +1.91023761851074e+25 +8.16732727147188e-01 +1.55768628644479e+00 +5.44488484764792e-01 
+1.02337179863252e-01 +2.44511905894885e+25 +1.55634475717059e+25 +1.59271933343796e+03 +0.00000000000000e+00 +0.00000000000000e+00 +1.47699537935921e+25 +1.89993316481870e+25 +8.25456351681069e-01 +1.57106518185215e+00 +5.50304234454046e-01 
+1.04728983823636e-01 +2.42662456681754e+25 +1.53140598485364e+25 +1.60382592615156e+03 +0.00000000000000e+00 +0.00000000000000e+00 +1.48032310694114e+25 +1.88969966893678e+25 +8.34295511649357e-01 +1.58457299424062e+00 +5.56197007766238e-01 
+1.07176688544550e-01 +2.40825995835895e+25 +1.50684547750817e+25 +1.61498708427658e+03 +0.00000000000000e+00 +0.00000000000000e+00 +1.48374953476242e+25 +1.87953468510174e+25 +8.43251213882208e-01 +1.59821295169656e+00 +5.62167475921472e-01 
+1.09681600527314e-01 +2.39002624884419e+25 +1.48265730441545e+25 +1.62620226181799e+03 +0.00000000000000e+00 +0.00000000000000e+00 +1.48727475835054e+25 +1.86943583091166e+25 +8.52324462750510e-01 +1.61198831431008e+00 +5.68216308500340e-01 
+1.12245056808531e-01 +2.37183758202779e+25 +1.45883279469189e+25 +1.63746769914339e+03 +0.00000000000000e+00 +0.00000000000000e+00 +1.49088452435230e+25 +1.85939717333441e+25 +8.61513885092379e-01 +1.62584608096141e+00 +5.74342590061586e-01 
+1.14868425673755e-01 +2.35386980103247e+25 +1.43537210208963e+25 +1.64878933623065e+03 +0.00000000000000e+00 +0.00000000000000e+00 +1.49460763734469e+25 +1.84942374329265e+25 +8.70825244061560e-01 +1.63990215332016e+00 +5.80550162707707e-01 
+1.17553107387837e-01 +2.33603546080291e+25 +1.41226670909427e+25 +1.66016340114426e+03 +0.00000000000000e+00 +0.00000000000000e+00 +1.49842951544167e+25 +1.83950965646675e+25 +8.80257146570102e-01 +1.65410360929706e+00 +5.86838097713401e-01 
+1.20300534942332e-01 +2.31833525638024e+25 +1.38951117505554e+25 +1.67158937667530e+03 +0.00000000000000e+00 +0.00000000000000e+00 +1.50235004497393e+25 +1.82965277022865e+25 +8.89810585728406e-01 +1.66845384045766e+00 +5.93207057152271e-01 
+1.23112174820389e-01 +2.30076980503935e+25 +1.36710017070614e+25 +1.68306675212958e+03 +0.00000000000000e+00 +0.00000000000000e+00 +1.50636906028215e+25 +1.81985100285415e+25 +8.99486551455509e-01 +1.68295627075443e+00 +5.99657700970339e-01 
+1.25989527779503e-01 +2.28333964747523e+25 +1.34502847492002e+25 +1.69459502405158e+03 +0.00000000000000e+00 +0.00000000000000e+00 +1.51048634412948e+25 +1.81010233584108e+25 +9.09286030439896e-01 +1.69761435542173e+00 +6.06190686959931e-01 
+1.28934129652572e-01 +2.26604524906635e+25 +1.32329097207019e+25 +1.70617369760975e+03 +0.00000000000000e+00 +0.00000000000000e+00 +1.51470162832800e+25 +1.80040481718039e+25 +9.19210006218222e-01 +1.71243157921746e+00 +6.12806670812148e-01 
+1.31947552167671e-01 +2.24888700118403e+25 +1.30188264988819e+25 +1.71780228862308e+03 +0.00000000000000e+00 +0.00000000000000e+00 +1.51901459462458e+25 +1.79075656550890e+25 +9.29259459413627e-01 +1.72741145400253e+00 +6.19506306275751e-01 
+1.35031403786987e-01 +2.23186522252693e+25 +1.28079859779389e+25 +1.72948032628514e+03 +0.00000000000000e+00 +0.00000000000000e+00 +1.52342487588179e+25 +1.78115577504963e+25 +9.39435368165258e-01 +1.74255751557755e+00 +6.26290245443505e-01 
+1.38187330565363e-01 +2.21479529657938e+25 +1.26003185367743e+25 +1.74120438287010e+03 +0.00000000000000e+00 +0.00000000000000e+00 +1.52788486914312e+25 +1.77159705058852e+25 +9.49735982274046e-01 +1.75772960827574e+00 +6.33157321516030e-01 
+1.41417017028902e-01 +2.19805011196718e+25 +1.23958208142443e+25 +1.75298000317522e+03 +0.00000000000000e+00 +0.00000000000000e+00 +1.53248923330635e+25 +1.76208618312783e+25 +9.60167752109362e-01 +1.77321868789951e+00 +6.40111834739575e-01 
+1.44722187074113e-01 +2.18144188764678e+25 +1.21944244363622e+25 +1.76480377454036e+03 +0.00000000000000e+00 +0.00000000000000e+00 +1.53718952445565e+25 +1.75261786884907e+25 +9.70728904708091e-01 +1.78888466530819e+00 +6.47152603138727e-01 
+1.48104604888068e-01 +2.16497066502493e+25 +1.19960842622077e+25 +1.77667531985823e+03 +0.00000000000000e+00 +0.00000000000000e+00 +1.54198519878406e+25 +1.74319066443076e+25 +9.81420417470329e-01 +1.80473112534348e+00 +6.54280278313553e-01 
+1.51566075890060e-01 +2.14863641922773e+25 +1.18007561243300e+25 +1.78859429830030e+03 +0.00000000000000e+00 +0.00000000000000e+00 +1.54687567494311e+25 +1.73380323329370e+25 +9.92243271331242e-01 +1.82076165000801e+00 +6.61495514220828e-01 
+1.55108447695284e-01 +2.13243906026310e+25 +1.16083968218393e+25 +1.80056041126637e+03 +0.00000000000000e+00 +0.00000000000000e+00 +1.55186033749458e+25 +1.72445435181448e+25 +1.00319845285100e+00 +1.83697981124427e+00 +6.68798968567335e-01 
+1.58733611101021e-01 +2.11637843415431e+25 +1.14189641121269e+25 +1.81257340855087e+03 +0.00000000000000e+00 +0.00000000000000e+00 +1.55693854074843e+25 +1.71514291507159e+25 +1.01428695660208e+00 +1.85338916330135e+00 +6.76191304401387e-01 
+1.62443501095887e-01 +2.10042226026441e+25 +1.12323994426594e+25 +1.82463029117307e+03 +0.00000000000000e+00 +0.00000000000000e+00 +1.56209722437154e+25 +1.70586509835517e+25 +1.02550716073670e+00 +1.86996756212858e+00 +6.83671440491132e-01 
+1.66240097892661e-01 +2.08463492356995e+25 +1.10486975652760e+25 +1.83673656483789e+03 +0.00000000000000e+00 +0.00000000000000e+00 +1.56736067402050e+25 +1.69662581215665e+25 +1.03686536522391e+00 +1.88676983079125e+00 +6.91243576815938e-01 
+1.70125427985259e-01 +2.06898347695298e+25 +1.08678011592130e+25 +1.84888932346980e+03 +0.00000000000000e+00 +0.00000000000000e+00 +1.57271558664485e+25 +1.68742141179177e+25 +1.04835995141147e+00 +1.90377376862387e+00 +6.98906634274315e-01 
+1.74101565230402e-01 +2.05346752164319e+25 +1.06896716819373e+25 +1.86108857162439e+03 +0.00000000000000e+00 +0.00000000000000e+00 +1.57816124070028e+25 +1.67825130900872e+25 +1.05999197513462e+00 +1.92098277921201e+00 +7.06661316756412e-01 
+1.78170631954573e-01 +2.03808660050350e+25 +1.05142714653961e+25 +1.87333439153155e+03 +0.00000000000000e+00 +0.00000000000000e+00 +1.58369690831690e+25 +1.66911504996389e+25 +1.07176251593526e+00 +1.93840020890761e+00 +7.14508343956839e-01 
+1.82334800086844e-01 +2.02284019927098e+25 +1.03415636883282e+25 +1.88562694769669e+03 +0.00000000000000e+00 +0.00000000000000e+00 +1.58932186070981e+25 +1.66001231487786e+25 +1.08367268071094e+00 +1.95602933969649e+00 +7.22448453807295e-01 
+1.86596292318175e-01 +2.00772774788559e+25 +1.01715123447691e+25 +1.89796649080246e+03 +0.00000000000000e+00 +0.00000000000000e+00 +1.59503537366282e+25 +1.65094291636928e+25 +1.09572360742774e+00 +1.97387338267166e+00 +7.30482404951825e-01 
+1.90957383287810e-01 +1.99274862191808e+25 +1.00040822089775e+25 +1.91035336082248e+03 +0.00000000000000e+00 +0.00000000000000e+00 +1.60083673302046e+25 +1.64190679645519e+25 +1.10791646884850e+00 +1.99193547223133e+00 +7.38610979232336e-01 
+1.95420400797405e-01 +1.97780951211201e+25 +9.83922006469817e+24 +1.92278432857719e+03 +0.00000000000000e+00 +0.00000000000000e+00 +1.60670232405786e+25 +1.63290066271835e+25 +1.12024970847843e+00 +2.01012834259915e+00 +7.46833138985619e-01 
+1.99987727053529e-01 +1.96309651263779e+25 +9.67693018718472e+24 +1.93526727299075e+03 +0.00000000000000e+00 +0.00000000000000e+00 +1.61267764510793e+25 +1.62393148315526e+25 +1.13273012151019e+00 +2.02863560516076e+00 +7.55153414340126e-01 
+2.04661799939199e-01 +1.94851462963840e+25 +9.51716011270219e+24 +1.94779911897518e+03 +0.00000000000000e+00 +0.00000000000000e+00 +1.61873877912256e+25 +1.61499613599750e+25 +1.14535623327853e+00 +2.04736981049399e+00 +7.63570822185687e-01 
+2.09445114315147e-01 +1.93406303839090e+25 +9.35987732539348e+24 +1.96038057639279e+03 +0.00000000000000e+00 +0.00000000000000e+00 +1.62488510509004e+25 +1.60609502537632e+25 +1.15812939149166e+00 +2.06633374685773e+00 +7.72086260994442e-01 
+2.14340223351486e-01 +1.91974086895290e+25 +9.20504987373690e+24 +1.97301244589833e+03 +0.00000000000000e+00 +0.00000000000000e+00 +1.63111603735615e+25 +1.59722865147167e+25 +1.17105099569997e+00 +2.08553011149907e+00 +7.80700663799983e-01 
+2.19349739890506e-01 +1.90554720843470e+25 +9.05264632294431e+24 +1.98569561625858e+03 +0.00000000000000e+00 +0.00000000000000e+00 +1.63743102982614e+25 +1.58839760080930e+25 +1.18412250005244e+00 +2.10496151120475e+00 +7.89415000034957e-01 
+2.24476337841322e-01 +1.89148110341973e+25 +8.90263570736123e+24 +1.99843106072384e+03 +0.00000000000000e+00 +0.00000000000000e+00 +1.64382957975631e+25 +1.57960253583239e+25 +1.19734541573778e+00 +2.12463046404981e+00 +7.98230277158520e-01 
+2.29722753607115e-01 +1.87745840565568e+25 +8.75497436530363e+24 +2.01121681895726e+03 +0.00000000000000e+00 +0.00000000000000e+00 +1.65029244906957e+25 +1.57084146237050e+25 +1.21071841608214e+00 +2.14444763321768e+00 +8.07145610721428e-01 
+2.35091787545729e-01 +1.86364579011374e+25 +8.60965879658531e+24 +2.02406007664805e+03 +0.00000000000000e+00 +0.00000000000000e+00 +1.65685709082561e+25 +1.56212066708412e+25 +1.22424894941006e+00 +2.16459889310931e+00 +8.16165966273371e-01 
+2.40586305464407e-01 +1.84995763073743e+25 +8.46664560042408e+24 +2.03695898468250e+03 +0.00000000000000e+00 +0.00000000000000e+00 +1.66350406834119e+25 +1.55343818638897e+25 +1.23793578866503e+00 +2.18499476421308e+00 +8.25290525776687e-01 
+2.46209240149463e-01 +1.83639283906435e+25 +8.32590523002142e+24 +2.04991480024001e+03 +0.00000000000000e+00 +0.00000000000000e+00 +1.67023308066599e+25 +1.54479487238548e+25 +1.25178069027427e+00 +2.20563745121997e+00 +8.34520460182849e-01 
+2.51963592931702e-01 +1.82295030001201e+25 +8.18740838731614e+24 +2.06292883406732e+03 +0.00000000000000e+00 +0.00000000000000e+00 +1.67704388170822e+25 +1.53619159475524e+25 +1.26578547421265e+00 +2.22652909660169e+00 +8.43856982808437e-01 
+2.57852435288427e-01 +1.80962887491340e+25 +8.05112598566080e+24 +2.07600244221658e+03 +0.00000000000000e+00 +0.00000000000000e+00 +1.68393628086085e+25 +1.52762922873427e+25 +1.27995202402719e+00 +2.24767178918375e+00 +8.53301349351460e-01 
+2.63878910482893e-01 +1.79642740458538e+25 +7.91702911534819e+24 +2.08913701721942e+03 +0.00000000000000e+00 +0.00000000000000e+00 +1.69091014303356e+25 +1.51910864320872e+25 +1.29428228641379e+00 +2.26906757372254e+00 +8.62854857609190e-01 
+2.70046235242068e-01 +1.78327500842637e+25 +7.78507761754328e+24 +2.10233090168485e+03 +0.00000000000000e+00 +0.00000000000000e+00 +1.69795053121077e+25 +1.51062873702209e+25 +1.30877579220700e+00 +2.29063227887137e+00 +8.72517194804667e-01 
+2.76357701473616e-01 +1.77031109360599e+25 +7.65526596797614e+24 +2.11559170707908e+03 +0.00000000000000e+00 +0.00000000000000e+00 +1.70508737752392e+25 +1.50219426637367e+25 +1.32343957987584e+00 +2.31254028404974e+00 +8.82293053250561e-01 
+2.82816678023003e-01 +1.75746354390987e+25 +7.52755387657262e+24 +2.12891778101145e+03 +0.00000000000000e+00 +0.00000000000000e+00 +1.71230560154937e+25 +1.49380402897428e+25 +1.33827328778514e+00 +2.33470736008875e+00 +8.92182191856760e-01 
+2.89426612471675e-01 +1.74473114913625e+25 +7.40191286095814e+24 +2.14231056515764e+03 +0.00000000000000e+00 +0.00000000000000e+00 +1.71960527851822e+25 +1.48545875444411e+25 +1.35327910181720e+00 +2.35713548904223e+00 +9.02186067878136e-01 
+2.96191032977255e-01 +1.73211269377477e+25 +7.27831449168443e+24 +2.15577148762534e+03 +0.00000000000000e+00 +0.00000000000000e+00 +1.72698653020909e+25 +1.47715911090425e+25 +1.36845926198148e+00 +2.37982666969631e+00 +9.12306174654319e-01 
+3.03113550156758e-01 +1.71960695988468e+25 +7.15673037718103e+24 +2.16930195214205e+03 +0.00000000000000e+00 +0.00000000000000e+00 +1.73444952132588e+25 +1.46890569518463e+25 +1.38381605922201e+00 +2.40278293194834e+00 +9.22544039481338e-01 
+3.10197859013810e-01 +1.70712391060164e+25 +7.03712226557012e+24 +2.18290026039826e+03 +0.00000000000000e+00 +0.00000000000000e+00 +1.74197224336910e+25 +1.46069673335611e+25 +1.39934879250836e+00 +2.42588354468975e+00 +9.32899195005573e-01 
+3.17447740910919e-01 +1.69484146281375e+25 +6.91948190873962e+24 +2.19657390020337e+03 +0.00000000000000e+00 +0.00000000000000e+00 +1.74959971429558e+25 +1.45253728584141e+25 +1.41506594594323e+00 +2.44937624690236e+00 +9.43377297295487e-01 
+3.24867065587838e-01 +1.68266807100989e+25 +6.80377074272866e+24 +2.21032103612264e+03 +0.00000000000000e+00 +0.00000000000000e+00 +1.75730962558367e+25 +1.44442533748135e+25 +1.43096687584754e+00 +2.47314046083665e+00 +9.53977917231692e-01 
+3.32459793227094e-01 +1.67060253455737e+25 +6.68996043736468e+24 +2.22414286370370e+03 +0.00000000000000e+00 +0.00000000000000e+00 +1.76510226564372e+25 +1.43636111282183e+25 +1.44705403583769e+00 +2.49717849634318e+00 +9.64702690558461e-01 
+3.40229976567807e-01 +1.65864366308042e+25 +6.57802266939573e+24 +2.23804049867101e+03 +0.00000000000000e+00 +0.00000000000000e+00 +1.77297793892566e+25 +1.42834472466153e+25 +1.46332990769332e+00 +2.52149277441269e+00 +9.75553271795544e-01 
+3.48181763068897e-01 +1.64679027857566e+25 +6.46792912458433e+24 +2.25201496600244e+03 +0.00000000000000e+00 +0.00000000000000e+00 +1.78093695890675e+25 +1.42037616804257e+25 +1.47979699550290e+00 +2.54608584425621e+00 +9.86531330335267e-01 
+3.56319397122859e-01 +1.63504121736781e+25 +6.35965150248090e+24 +2.26606718927548e+03 +0.00000000000000e+00 +0.00000000000000e+00 +1.78897964059976e+25 +1.41245531510684e+25 +1.49645781941483e+00 +2.57096040047160e+00 +9.97638546276553e-01 
+3.64647222321275e-01 +1.62328470335235e+25 +6.25315284136696e+24 +2.28019481435485e+03 +0.00000000000000e+00 +0.00000000000000e+00 +1.79707896918762e+25 +1.40457985210840e+25 +1.51331190431348e+00 +2.59594598841997e+00 +1.00887460287566e+00 
+3.73169683773275e-01 +1.61174273377761e+25 +6.14842254221592e+24 +2.29440489578319e+03 +0.00000000000000e+00 +0.00000000000000e+00 +1.80529032905745e+25 +1.39675355736692e+25 +1.53036781121962e+00 +2.62139227210095e+00 +1.02024520747974e+00 
+3.81891330478185e-01 +1.60030166840974e+25 +6.04542342529981e+24 +2.30869479519173e+03 +0.00000000000000e+00 +0.00000000000000e+00 +1.81358621684281e+25 +1.38897380812365e+25 +1.54762504343247e+00 +2.64712916834337e+00 +1.03175002895498e+00 
+3.90816817753627e-01 +1.58896041739503e+25 +5.94412734513506e+24 +2.32306493334800e+03 +0.00000000000000e+00 +0.00000000000000e+00 +1.82196687111363e+25 +1.38123995411489e+25 +1.56508611632922e+00 +2.67316012113285e+00 +1.04339074421948e+00 
+3.99950909720367e-01 +1.57771791225418e+25 +5.84450623276495e+24 +2.33751558466069e+03 +0.00000000000000e+00 +0.00000000000000e+00 +1.83043248926713e+25 +1.37355121281716e+25 +1.58275352567312e+00 +2.69948880096888e+00 +1.05516901711542e+00 
+4.09298481845244e-01 +1.56657310670212e+25 +5.74653211606336e+24 +2.35204687097967e+03 +0.00000000000000e+00 +0.00000000000000e+00 +1.83898321847476e+25 +1.36590667155300e+25 +1.60062974002685e+00 +2.72611911856032e+00 +1.06708649335123e+00 
+4.18864523543527e-01 +1.55538778436438e+25 +5.65017029756102e+24 +2.36665588962768e+03 +0.00000000000000e+00 +0.00000000000000e+00 +1.84758025287004e+25 +1.35830348110617e+25 +1.61871416570567e+00 +2.75281576032459e+00 +1.07914277713711e+00 
+4.28654140842093e-01 +1.54443764925518e+25 +5.55540695513037e+24 +2.38134819537959e+03 +0.00000000000000e+00 +0.00000000000000e+00 +1.85630204411346e+25 +1.35074413854361e+25 +1.63701526943234e+00 +2.78006212997394e+00 +1.09134351295489e+00 
+4.38672559104850e-01 +1.53358217486571e+25 +5.46220750890260e+24 +2.39612054629203e+03 +0.00000000000000e+00 +0.00000000000000e+00 +1.86510898724172e+25 +1.34322552129744e+25 +1.65553234610885e+00 +2.80762342398416e+00 +1.10368823073923e+00 
+4.48925125821861e-01 +1.52282040812759e+25 +5.37054462405127e+24 +2.41097242108413e+03 +0.00000000000000e+00 +0.00000000000000e+00 +1.87400094127079e+25 +1.33574624825258e+25 +1.67426768226744e+00 +2.83550461773996e+00 +1.11617845484496e+00 
+4.59417313463648e-01 +1.51215141897885e+25 +5.28039119787843e+24 +2.42590313816640e+03 +0.00000000000000e+00 +0.00000000000000e+00 +1.88297767312340e+25 +1.32830484217636e+25 +1.69322350224530e+00 +2.86371096820706e+00 +1.12881566816353e+00 
+4.70154722402213e-01 +1.50157429986193e+25 +5.19172039216079e+24 +2.44091185976627e+03 +0.00000000000000e+00 +0.00000000000000e+00 +1.89203885083652e+25 +1.32089974117500e+25 +1.71240196259228e+00 +2.89224801499176e+00 +1.14160130839485e+00 
+4.81143083900326e-01 +1.49108816499615e+25 +5.10450566632551e+24 +2.45599759808254e+03 +0.00000000000000e+00 +0.00000000000000e+00 +1.90118403760130e+25 +1.31352931151140e+25 +1.73180514723741e+00 +2.92112157859453e+00 +1.15453676482494e+00 
+4.92388263170674e-01 +1.48065786651260e+25 +5.01871425973115e+24 +2.47115599769892e+03 +0.00000000000000e+00 +0.00000000000000e+00 +1.91040319326482e+25 +1.30619018243478e+25 +1.75143192465813e+00 +2.95027329687408e+00 +1.16762128310542e+00 
+5.03896262506515e-01 +1.47035171549125e+25 +4.93433363854004e+24 +2.48639227842050e+03 +0.00000000000000e+00 +0.00000000000000e+00 +1.91971479243850e+25 +1.29888400827846e+25 +1.77129052075612e+00 +2.97983846087533e+00 +1.18086034717074e+00 
+5.15673224485497e-01 +1.46013400179404e+25 +4.85133159081055e+24 +2.50170180448163e+03 +0.00000000000000e+00 +0.00000000000000e+00 +1.92910841341279e+25 +1.29160731742490e+25 +1.79137962168941e+00 +3.00975922684782e+00 +1.19425308112627e+00 
+5.27725435248354e-01 +1.45000391561922e+25 +4.76968310219718e+24 +2.51708309110372e+03 +0.00000000000000e+00 +0.00000000000000e+00 +1.93858316082022e+25 +1.28435833839484e+25 +1.81170099122075e+00 +3.04004246099970e+00 +1.20780066081384e+00 
+5.40059327854237e-01 +1.43996066241110e+25 +4.68936361961061e+24 +2.53253456447102e+03 +0.00000000000000e+00 +0.00000000000000e+00 +1.94813802071019e+25 +1.27713530605407e+25 +1.83225631105891e+00 +3.07069525679195e+00 +1.22150420737261e+00 
+5.52681485714460e-01 +1.43000346108962e+25 +4.61034907971766e+24 +2.54805457904065e+03 +0.00000000000000e+00 +0.00000000000000e+00 +1.95777186151121e+25 +1.26993647841634e+25 +1.85304718240657e+00 +3.10172491575670e+00 +1.23536478827105e+00 
+5.65598646106501e-01 +1.42013090977867e+25 +4.53261037423167e+24 +2.56363829099371e+03 +0.00000000000000e+00 +0.00000000000000e+00 +1.96749269143140e+25 +1.26275841175036e+25 +1.87407169420940e+00 +3.13314137445446e+00 +1.24938112947293e+00 
+5.78817703770128e-01 +1.41034353513079e+25 +4.45613579061426e+24 +2.57929028601123e+03 +0.00000000000000e+00 +0.00000000000000e+00 +1.97728046668988e+25 +1.25560297911309e+25 +1.89533818773520e+00 +3.16494739253981e+00 +1.26355879182346e+00 
+5.92345714587580e-01 +1.40063993026468e+25 +4.38089713597627e+24 +2.59500564454455e+03 +0.00000000000000e+00 +0.00000000000000e+00 +1.98714315435672e+25 +1.24846682613076e+25 +1.91684458657583e+00 +3.19715320125305e+00 +1.27789639105055e+00 
+6.06189899349757e-01 +1.39101934871353e+25 +4.30687253307588e+24 +2.61078262733750e+03 +0.00000000000000e+00 +0.00000000000000e+00 +1.99707918768134e+25 +1.24134846287282e+25 +1.93859220932234e+00 +3.22976669968939e+00 +1.29239480621489e+00 
+6.20357647610427e-01 +1.38148104768834e+25 +4.23404069006088e+24 +2.62661952237300e+03 +0.00000000000000e+00 +0.00000000000000e+00 +2.00708690601650e+25 +1.23424649789775e+25 +1.96058231938103e+00 +3.26279586998603e+00 +1.30705487958735e+00 
+6.34856521630522e-01 +1.37202428613933e+25 +4.16238090806997e+24 +2.64251466499859e+03 +0.00000000000000e+00 +0.00000000000000e+00 +2.01716456291812e+25 +1.22715964993765e+25 +1.98281613314268e+00 +3.29624874907356e+00 +1.32187742209512e+00 
+6.49694260414612e-01 +1.36250567162287e+25 +4.09186796224186e+24 +2.65846312944297e+03 +0.00000000000000e+00 +0.00000000000000e+00 +2.02727235516118e+25 +1.22008522779389e+25 +2.00529139799319e+00 +3.32978894772641e+00 +1.33686093199546e+00 
+6.64878783841726e-01 +1.35321218421138e+25 +4.02249277019933e+24 +2.67447010106227e+03 +0.00000000000000e+00 +0.00000000000000e+00 +2.03748498144383e+25 +1.21302529704904e+25 +2.02801615039740e+00 +3.36411340310333e+00 +1.35201076693160e+00 
+6.80418196892710e-01 +1.34399796406524e+25 +3.95423110725334e+24 +2.69053080009438e+03 +0.00000000000000e+00 +0.00000000000000e+00 +2.04776187533326e+25 +1.20597739240955e+25 +2.05098806662012e+00 +3.39888571914755e+00 +1.36732537774675e+00 
+6.96320793976388e-01 +1.33486226024603e+25 +3.88706463937939e+24 +2.70664393593020e+03 +0.00000000000000e+00 +0.00000000000000e+00 +2.05810104405016e+25 +1.19894075741742e+25 +2.07420827088822e+00 +3.43411387277356e+00 +1.38280551392548e+00 
+7.12595063356841e-01 +1.32580431551414e+25 +3.82097560201834e+24 +2.72280835120520e+03 +0.00000000000000e+00 +0.00000000000000e+00 +2.06850046008248e+25 +1.19191477900221e+25 +2.09767789073137e+00 +3.46980576063825e+00 +1.39845192715425e+00 
+7.29249691684145e-01 +1.31682336521182e+25 +3.75594678426358e+24 +2.73902303440627e+03 +0.00000000000000e+00 +0.00000000000000e+00 +2.07895807250212e+25 +1.18489898874570e+25 +2.12139806794874e+00 +3.50596917594509e+00 +1.41426537863249e+00 
+7.46293568631013e-01 +1.30780653689591e+25 +3.69195746561327e+24 +2.75528411224644e+03 +0.00000000000000e+00 +0.00000000000000e+00 +2.08944194926724e+25 +1.17789158996729e+25 +2.14536621230431e+00 +3.54231203657344e+00 +1.43024414153620e+00 
+7.63735791637802e-01 +1.29897914241825e+25 +3.62899970994654e+24 +2.77159696632938e+03 +0.00000000000000e+00 +0.00000000000000e+00 +2.10001025611233e+25 +1.17089538307888e+25 +2.16959107510324e+00 +3.57944129578723e+00 +1.44639405006883e+00 
+7.81585670768409e-01 +1.29022636311740e+25 +3.56705365553939e+24 +2.78795802403166e+03 +0.00000000000000e+00 +0.00000000000000e+00 +2.11063057052965e+25 +1.16390881257960e+25 +2.19407011409562e+00 +3.61706463572188e+00 +1.46271340939708e+00 
+7.99852733679671e-01 +1.28154739805864e+25 +3.50610409230467e+24 +2.80436694279537e+03 +0.00000000000000e+00 +0.00000000000000e+00 +2.12130085946708e+25 +1.15693196745086e+25 +2.21880463494339e+00 +3.65518924800729e+00 +1.47920308996226e+00 
+8.18546730706903e-01 +1.27294143639721e+25 +3.44613624632463e+24 +2.82082355799958e+03 +0.00000000000000e+00 +0.00000000000000e+00 +2.13201912054756e+25 +1.14996506303591e+25 +2.24379600907350e+00 +3.69382213995407e+00 +1.49586400604900e+00 
+8.37677640068292e-01 +1.26435535628830e+25 +3.38713180172581e+24 +2.83732457426994e+03 +0.00000000000000e+00 +0.00000000000000e+00 +2.14277097883188e+25 +1.14300711860105e+25 +2.26904213119002e+00 +3.73282006812986e+00 +1.51269475412668e+00 
+8.57255673190932e-01 +1.25589382279798e+25 +3.32908479275950e+24 +2.85387682512674e+03 +0.00000000000000e+00 +0.00000000000000e+00 +2.15357954146032e+25 +1.13606123185053e+25 +2.29455165033775e+00 +3.77248974111277e+00 +1.52970110022516e+00 
+8.77291280161336e-01 +1.24750278724584e+25 +3.27197750610505e+24 +2.87047733498999e+03 +0.00000000000000e+00 +0.00000000000000e+00 +2.16443033990218e+25 +1.12912660557750e+25 +2.32032261463437e+00 +3.81268754115264e+00 +1.54688174308958e+00 
+8.97795155303332e-01 +1.23918140273524e+25 +3.21579662314567e+24 +2.88712662870100e+03 +0.00000000000000e+00 +0.00000000000000e+00 +2.17532158071630e+25 +1.12220387129232e+25 +2.34635673731333e+00 +3.85341969021376e+00 +1.56423782487556e+00 
+9.18778242886334e-01 +1.23092881504564e+25 +3.16052911539869e+24 +2.90382538723711e+03 +0.00000000000000e+00 +0.00000000000000e+00 +2.18625153983882e+25 +1.11529373751909e+25 +2.37265583204009e+00 +3.89469221798441e+00 +1.58177055469340e+00 
+9.40251742967013e-01 +1.22274416365982e+25 +3.10616221555264e+24 +2.92057443711165e+03 +0.00000000000000e+00 +0.00000000000000e+00 +2.19721856741450e+25 +1.10839697751870e+25 +2.39922181671333e+00 +3.93651097015314e+00 +1.59948121114222e+00 
+9.62227117367514e-01 +1.21462658293214e+25 +3.05268338922127e+24 +2.93737473784608e+03 +0.00000000000000e+00 +0.00000000000000e+00 +2.20822109148952e+25 +1.10151441648439e+25 +2.42605671602440e+00 +3.97888162008830e+00 +1.61737114401627e+00 
+9.84716095793377e-01 +1.20648185005295e+25 +3.00007682882907e+24 +2.95422394196474e+03 +0.00000000000000e+00 +0.00000000000000e+00 +2.21923193198753e+25 +1.09464554308956e+25 +2.45315865582972e+00 +4.02150317771641e+00 +1.63543910388648e+00 
+1.00773068209446e+00 +1.19849737104657e+25 +2.94833746005283e+24 +2.97113011966369e+03 +0.00000000000000e+00 +0.00000000000000e+00 +2.23030146395773e+25 +1.08779402827534e+25 +2.48053791504887e+00 +4.06499387293710e+00 +1.65369194336591e+00 
+1.03128316067218e+00 +1.19057732065685e+25 +2.89744968765890e+24 +2.98809107177751e+03 +0.00000000000000e+00 +0.00000000000000e+00 +2.24140225601876e+25 +1.08095936562955e+25 +2.50819280937708e+00 +4.10905261177742e+00 +1.67212853958472e+00 
+1.05538610303652e+00 +1.18272082712522e+25 +2.84740164741294e+24 +3.00510812844292e+03 +0.00000000000000e+00 +0.00000000000000e+00 +2.25253306040744e+25 +1.07414245368881e+25 +2.53612578915892e+00 +4.15368456431077e+00 +1.69075052610595e+00 
+1.08005237451625e+00 +1.17492702094066e+25 +2.79818158403693e+24 +3.02218266416674e+03 +0.00000000000000e+00 +0.00000000000000e+00 +2.26369270708934e+25 +1.06734417533168e+25 +2.56433940354417e+00 +4.19889483814555e+00 +1.70955960236278e+00 
+1.10529514112602e+00 +1.16719503650947e+25 +2.74977783112929e+24 +3.03931607592326e+03 +0.00000000000000e+00 +0.00000000000000e+00 +2.27488009984908e+25 +1.06056538457099e+25 +2.59283629445674e+00 +4.24468851009000e+00 +1.72855752963782e+00 
+1.13112787659392e+00 +1.15952401385087e+25 +2.70217879311031e+24 +3.05650976042799e+03 +0.00000000000000e+00 +0.00000000000000e+00 +2.28609421111419e+25 +1.05380689386574e+25 +2.62161918907958e+00 +4.29107066048806e+00 +1.74774612605306e+00 
+1.15756436955330e+00 +1.15191310029498e+25 +2.65537292930041e+24 +3.07376509083454e+03 +0.00000000000000e+00 +0.00000000000000e+00 +2.29733407556772e+25 +1.04706946216344e+25 +2.65069089091128e+00 +4.33804640991979e+00 +1.76712726060752e+00 
+1.18461873090268e+00 +1.14436145216647e+25 +2.60934874037681e+24 +3.09108339330769e+03 +0.00000000000000e+00 +0.00000000000000e+00 +2.30859878262800e+25 +1.04035378390420e+25 +2.68005426947791e+00 +4.38562095766937e+00 +1.78670284631861e+00 
+1.21230540133765e+00 +1.13686823643279e+25 +2.56409475737890e+24 +3.10846592391200e+03 +0.00000000000000e+00 +0.00000000000000e+00 +2.31988746790353e+25 +1.03366047922577e+25 +2.70971224882639e+00 +4.43379962133276e+00 +1.80647483255092e+00 
+1.24063915905883e+00 +1.12932221185449e+25 +2.51959701991736e+24 +3.12591072795741e+03 +0.00000000000000e+00 +0.00000000000000e+00 +2.33117370955626e+25 +1.02698899475931e+25 +2.73966384092835e+00 +4.48215410213309e+00 +1.82644256061890e+00 
+1.26963512765997e+00 +1.12194525214883e+25 +2.47584920861391e+24 +3.14342512604536e+03 +0.00000000000000e+00 +0.00000000000000e+00 +2.34250830713732e+25 +1.02034198592926e+25 +2.76991997754944e+00 +4.53155728646716e+00 +1.84661331836629e+00 
+1.29930878420042e+00 +1.11462427272736e+25 +2.43283730691350e+24 +3.16100688340319e+03 +0.00000000000000e+00 +0.00000000000000e+00 +2.35386446228537e+25 +1.01371868976242e+25 +2.80047968463559e+00 +4.58158163540112e+00 +1.86698645642372e+00 
+1.32967596746621e+00 +1.10735849863598e+25 +2.39054991331634e+24 +3.17865676876518e+03 +0.00000000000000e+00 +0.00000000000000e+00 +2.36524139513432e+25 +1.00711936353174e+25 +2.83134597199991e+00 +4.63223333036278e+00 +1.88756398133327e+00 
+1.36075288642433e+00 +1.10014717241643e+25 +2.34897564449995e+24 +3.19637538839376e+03 +0.00000000000000e+00 +0.00000000000000e+00 +2.37663831989877e+25 +1.00054416728973e+25 +2.86252183586966e+00 +4.68351885636784e+00 +1.90834789057977e+00 
+1.39255612887446e+00 +1.09298955503617e+25 +2.30810314186289e+24 +3.21416317627557e+03 +0.00000000000000e+00 +0.00000000000000e+00 +2.38805443416161e+25 +9.93993165792655e+24 +2.89401024527472e+00 +4.73544502934999e+00 +1.92934016351648e+00 
+1.42510267030300e+00 +1.08588492661955e+25 +2.26792108094810e+24 +3.23202038849560e+03 +0.00000000000000e+00 +0.00000000000000e+00 +2.39948890869212e+25 +9.87466332830201e+24 +2.92581412930542e+00 +4.78801901768820e+00 +1.95054275287028e+00 
+1.45840988294399e+00 +1.07883258695617e+25 +2.22841818348195e+24 +3.24994710212216e+03 +0.00000000000000e+00 +0.00000000000000e+00 +2.41094087809012e+25 +9.80963557939693e+24 +2.95793636566246e+00 +4.84124835703178e+00 +1.97195757710831e+00 
+1.49249554505183e+00 +1.07183185578119e+25 +2.18958323185751e+24 +3.26794321906752e+03 +0.00000000000000e+00 +0.00000000000000e+00 +2.42240943253171e+25 +9.74484655425793e+24 +2.99037977088220e+00 +4.89514095735888e+00 +1.99358651392147e+00 
+1.52737785039071e+00 +1.06488207280851e+25 +2.15140508561190e+24 +3.28600847498156e+03 +0.00000000000000e+00 +0.00000000000000e+00 +2.43389361089650e+25 +9.68029375522523e+24 +3.02314709264467e+00 +4.94970510170397e+00 +2.01543139509644e+00 
+1.56307541794582e+00 +1.05793807330134e+25 +2.11387088491266e+24 +3.30413961691835e+03 +0.00000000000000e+00 +0.00000000000000e+00 +2.44537984160154e+25 +9.61596646441238e+24 +3.05623747545851e+00 +5.00474310352712e+00 +2.03749165030567e+00 
+1.59960730186149e+00 +1.05108902588197e+25 +2.07697338104124e+24 +3.32234178608551e+03 +0.00000000000000e+00 +0.00000000000000e+00 +2.45689236019655e+25 +9.55187687283699e+24 +3.08966059521635e+00 +5.06067644138528e+00 +2.05977373014423e+00 
+1.63699300161170e+00 +1.04428904934654e+25 +2.04069990972675e+24 +3.34061147061232e+03 +0.00000000000000e+00 +0.00000000000000e+00 +2.46841726449165e+25 +9.48801355469541e+24 +3.12341542200213e+00 +5.11730825472703e+00 +2.08227694800142e+00 
+1.67525247240822e+00 +1.03753755910038e+25 +2.00503983040328e+24 +3.35894793316005e+03 +0.00000000000000e+00 +0.00000000000000e+00 +2.47995335488601e+25 +9.42437290551676e+24 +3.15750440356624e+00 +5.17464812103855e+00 +2.10500293571083e+00 
+1.71440613585197e+00 +1.03083398722476e+25 +1.96998267788790e+24 +3.37735039049312e+03 +0.00000000000000e+00 +0.00000000000000e+00 +2.49149937400322e+25 +9.36095146427685e+24 +3.19192992140826e+00 +5.23270584455064e+00 +2.12795328093884e+00 
+1.75447489083346e+00 +1.02417778130348e+25 +1.93551818224540e+24 +3.39581805150117e+03 +0.00000000000000e+00 +0.00000000000000e+00 +2.50305401174441e+25 +9.29774609117591e+24 +3.22669430031344e+00 +5.29149139852217e+00 +2.15112953354229e+00 
+1.79548012468783e+00 +1.01756840320393e+25 +1.90163628797166e+24 +3.41435015943826e+03 +0.00000000000000e+00 +0.00000000000000e+00 +2.51461591242036e+25 +9.23475414407743e+24 +3.26179982056551e+00 +5.35101485831077e+00 +2.17453321371034e+00 
+1.83744372461073e+00 +1.01100532792570e+25 +1.86832717261561e+24 +3.43294603884225e+03 +0.00000000000000e+00 +0.00000000000000e+00 +2.52618368377349e+25 +9.17197365085982e+24 +3.29724873227561e+00 +5.41128632470896e+00 +2.19816582151707e+00 
+1.88038808934092e+00 +1.00448804266493e+25 +1.83558126511704e+24 +3.45160514794341e+03 +0.00000000000000e+00 +0.00000000000000e+00 +2.53775590759555e+25 +9.10940347571404e+24 +3.33304327096215e+00 +5.47231583669972e+00 +2.22202884730810e+00 
+1.92433614111598e+00 +9.98016046300210e+24 +1.80338926457159e+24 +3.47032713831568e+03 +0.00000000000000e+00 +0.00000000000000e+00 +2.54933115151619e+25 +9.04704347853393e+24 +3.36918567310112e+00 +5.53411327164187e+00 +2.24612378206741e+00 
+1.96931133790742e+00 +9.91517796226814e+24 +1.77174065811535e+24 +3.48910896585813e+03 +0.00000000000000e+00 +0.00000000000000e+00 +2.56089051573782e+25 +8.98488590455932e+24 +3.40567383093953e+00 +5.59629193858156e+00 +2.27044922062636e+00 
+2.01533768594173e+00 +9.85136082540736e+24 +1.74062981022100e+24 +3.50795685381198e+03 +0.00000000000000e+00 +0.00000000000000e+00 +2.57246777509030e+25 +8.92295082856622e+24 +3.44251877359121e+00 +5.65965305635929e+00 +2.29501251572747e+00 
+2.06243975251409e+00 +9.78798212095073e+24 +1.71004680858949e+24 +3.52686851669483e+03 +0.00000000000000e+00 +0.00000000000000e+00 +2.58404379016394e+25 +8.86123299163499e+24 +3.47971840611857e+00 +5.72380947222386e+00 +2.31981227074571e+00 
+2.11064267910155e+00 +9.72503746260199e+24 +1.67998368325214e+24 +3.54584526206620e+03 +0.00000000000000e+00 +0.00000000000000e+00 +2.59561718812913e+25 +8.79973774599840e+24 +3.51727504242895e+00 +5.78876899790841e+00 +2.34485002828596e+00 
+2.15997219478272e+00 +9.66252275722481e+24 +1.65043289830600e+24 +3.56488916969561e+03 +0.00000000000000e+00 +0.00000000000000e+00 +2.60718662976098e+25 +8.73847221214482e+24 +3.55519097986396e+00 +5.85453838634846e+00 +2.37012731990931e+00 
+2.21045462997102e+00 +9.60043432788117e+24 +1.62138742173039e+24 +3.58400333334071e+03 +0.00000000000000e+00 +0.00000000000000e+00 +2.61875080705204e+25 +8.67744547075773e+24 +3.59346844226132e+00 +5.92112298344792e+00 +2.39564562817421e+00 
+2.26211693046903e+00 +9.53876909003595e+24 +1.59284081894887e+24 +3.60319218408638e+03 +0.00000000000000e+00 +0.00000000000000e+00 +2.63030843189835e+25 +8.61666879033141e+24 +3.63210948672038e+00 +5.98852627115037e+00 +2.42140632448025e+00 
+2.31498667185116e+00 +9.47752479450655e+24 +1.56478737617168e+24 +3.62246192011840e+03 +0.00000000000000e+00 +0.00000000000000e+00 +2.64185821294744e+25 +8.55615590334221e+24 +3.67111586267988e+00 +6.05674926755461e+00 +2.44741057511992e+00 
+2.36909207418263e+00 +9.41670035179721e+24 +1.53722225965533e+24 +3.64182107160655e+03 +0.00000000000000e+00 +0.00000000000000e+00 +2.65339881735664e+25 +8.49592334424965e+24 +3.71048881029066e+00 +6.12578974357853e+00 +2.47365920686044e+00 
+2.42446201708233e+00 +9.35582559178623e+24 +1.51014036617788e+24 +3.66127795826108e+03 +0.00000000000000e+00 +0.00000000000000e+00 +2.66491474590967e+25 +8.43598359599626e+24 +3.75022467645930e+00 +6.19533508362903e+00 +2.50014978430620e+00 
+2.48112605513777e+00 +9.29585207129163e+24 +1.48354196266894e+24 +3.68085461746814e+03 +0.00000000000000e+00 +0.00000000000000e+00 +2.67643273479803e+25 +8.37637479537353e+24 +3.79033099071046e+00 +6.26598526041560e+00 +2.52688732714030e+00 
+2.53911443368035e+00 +9.23630671049358e+24 +1.45742487734241e+24 +3.70056854206491e+03 +0.00000000000000e+00 +0.00000000000000e+00 +2.68793661553203e+25 +8.31711727916000e+24 +3.83080131608005e+00 +6.33741529603629e+00 +2.55386754405337e+00 
+2.59845810492925e+00 +9.17719838741736e+24 +1.43179025355863e+24 +3.72044698891812e+03 +0.00000000000000e+00 +0.00000000000000e+00 +2.69942408963032e+25 +8.25824376500443e+24 +3.87163113886733e+00 +6.40959691170407e+00 +2.58108742591155e+00 
+2.65918874451269e+00 +9.11854038544159e+24 +1.40664156617051e+24 +3.74052542032433e+03 +0.00000000000000e+00 +0.00000000000000e+00 +2.71089229076803e+25 +8.19979268263806e+24 +3.91281305074866e+00 +6.48249035485722e+00 +2.60854203383244e+00 
+2.72133876837531e+00 +9.06035137479562e+24 +1.38198502290152e+24 +3.76084942013595e+03 +0.00000000000000e+00 +0.00000000000000e+00 +2.72233760105090e+25 +8.14180897351251e+24 +3.95433593714462e+00 +6.55604165360136e+00 +2.63622395809641e+00 
+2.78494135008064e+00 +9.00265646216448e+24 +1.35782997256553e+24 +3.78147683697662e+03 +0.00000000000000e+00 +0.00000000000000e+00 +2.73375544486057e+25 +8.08434490751823e+24 +3.99618406262627e+00 +6.63017950999752e+00 +2.66412270841751e+00 
+2.85003043851811e+00 +8.94548826289375e+24 +1.33418929473307e+24 +3.80248010073425e+03 +0.00000000000000e+00 +0.00000000000000e+00 +2.74514006690515e+25 +8.02746086713606e+24 +4.03833607716476e+00 +6.70481190203485e+00 +2.69222405144317e+00 
+2.91664077602370e+00 +8.88888793502488e+24 +1.31107973944635e+24 +3.82394862868775e+03 +0.00000000000000e+00 +0.00000000000000e+00 +2.75648430424275e+25 +7.97122603614847e+24 +4.08076398026768e+00 +6.77982251390639e+00 +2.72050932017845e+00 
+2.98480791692433e+00 +8.83290610047950e+24 +1.28852218091290e+24 +3.84599120672142e+03 +0.00000000000000e+00 +0.00000000000000e+00 +2.76777936514821e+25 +7.91571891903806e+24 +4.12343209369151e+00 +6.85506717022249e+00 +2.74895472912767e+00 
+3.05456824651543e+00 +8.77661119395159e+24 +1.26653836243783e+24 +3.86872786489624e+03 +6.12852154569890e-44 +0.00000000000000e+00 +2.77899195779763e+25 +7.86102096906479e+24 +4.16629289542805e+00 +6.92960549340046e+00 +2.77752859695203e+00 
+3.12595900048228e+00 +8.72207425557788e+24 +1.24516368727916e+24 +3.89233063532398e+03 +2.03546889320939e-43 +0.00000000000000e+00 +2.79015521366370e+25 +7.80724282593618e+24 +4.20929923341387e+00 +7.00476117693147e+00 +2.80619948894258e+00 
+3.19901828477507e+00 +8.66836964402850e+24 +1.22442864663273e+24 +3.91696962898050e+03 +6.58942938395943e-43 +0.00000000000000e+00 +2.80123137579183e+25 +7.75448471171519e+24 +4.25238396449418e+00 +7.07952208392635e+00 +2.83492264299612e+00 
+3.27378509594858e+00 +8.61558970650716e+24 +1.20437008923187e+24 +3.94284884813356e+03 +2.07940444224267e-42 +0.00000000000000e+00 +2.81220364195271e+25 +7.70286141357159e+24 +4.29547299974700e+00 +7.15360650645354e+00 +2.86364866649800e+00 
+3.35029934197723e+00 +8.56383615159924e+24 +1.18502771605296e+24 +3.97019757731702e+03 +6.39709504280799e-42 +0.00000000000000e+00 +2.82305316541677e+25 +7.65249439662744e+24 +4.33848203266707e+00 +7.22669692496583e+00 +2.89232135511138e+00 
+3.42860186355659e+00 +8.51321859289548e+24 +1.16644316395580e+24 +3.99926920567169e+03 +1.91882627429339e-41 +0.00000000000000e+00 +2.83375922309159e+25 +7.60350985440805e+24 +4.38131706192051e+00 +7.29844269824886e+00 +2.92087804128034e+00 
+3.50873445590271e+00 +8.46385255533983e+24 +1.14865887860670e+24 +4.03033898544590e+03 +5.61261623359293e-41 +0.00000000000000e+00 +2.84429949004064e+25 +7.55603628312446e+24 +4.42387537703232e+00 +7.36846483579729e+00 +2.94925025135488e+00 
+3.59073989106105e+00 +8.41585699073625e+24 +1.13171681567025e+24 +4.06370071541177e+03 +1.60122100840287e-40 +0.00000000000000e+00 +2.85465041788396e+25 +7.51020165163076e+24 +4.46604701054415e+00 +7.43636294363269e+00 +2.97736467369610e+00 
+3.67466194073669e+00 +8.36935138973457e+24 +1.11565702625966e+24 +4.09966241331184e+03 +4.45640459576257e-40 +0.00000000000000e+00 +2.86478770671938e+25 +7.46613027687803e+24 +4.50771662710348e+00 +7.50172426896605e+00 +3.00514441806899e+00 
+3.76054539965817e+00 +8.32425615792035e+24 +1.10052029836287e+24 +4.13855654523893e+03 +1.24195307834810e-39 +0.00000000000000e+00 +2.87467843102422e+25 +7.42393743183707e+24 +4.54875931724954e+00 +7.56392787148359e+00 +3.03250621149969e+00 
+3.84843610948743e+00 +8.28107824717457e+24 +1.08633120499503e+24 +4.18067623616586e+03 +3.29956967805671e-39 +0.00000000000000e+00 +2.88431530279398e+25 +7.38373518859286e+24 +4.58906863905563e+00 +7.62297742078804e+00 +3.05937909270375e+00 
+3.93838098328849e+00 +8.23971978417942e+24 +1.07311882965123e+24 +4.22635079150720e+03 +8.56022551466478e-39 +0.00000000000000e+00 +2.89366681051652e+25 +7.34561474137199e+24 +4.62852160151113e+00 +7.67829205537041e+00 +3.08568106767409e+00 
+4.03042803056805e+00 +8.20027032841269e+24 +1.06090170376250e+24 +4.27588796452177e+03 +2.16936687923865e-38 +0.00000000000000e+00 +2.90271147982671e+25 +7.30965398906075e+24 +4.66700621410398e+00 +7.72952885204196e+00 +3.11133747606932e+00 
+4.12462638290135e+00 +8.16280458120657e+24 +1.04969022815822e+24 +4.32958000893512e+03 +5.37225967751327e-38 +0.00000000000000e+00 +2.91143002379343e+25 +7.27591258224210e+24 +4.70441797560601e+00 +7.77639379908204e+00 +3.13627865040400e+00 
+4.22102632015690e+00 +8.12738024520741e+24 +1.03948608439124e+24 +4.38769812165225e+03 +1.30054473882306e-37 +0.00000000000000e+00 +2.91980583658968e+25 +7.24443029800100e+24 +4.74066225044732e+00 +7.81865228139837e+00 +3.16044150029821e+00 
+4.31967929733417e+00 +8.09403649647877e+24 +1.03028196656451e+24 +4.45048768138546e+03 +3.07905364049176e-37 +0.00000000000000e+00 +2.92782539168530e+25 +7.21522609748614e+24 +4.77565629059811e+00 +7.85613721209586e+00 +3.18377086039874e+00 
+4.42063797202853e+00 +8.06279312526539e+24 +1.02206163748368e+24 +4.51816448441399e+03 +7.13218575426924e-37 +0.00000000000000e+00 +2.93547852791228e+25 +7.18829789234672e+24 +4.80933081710870e+00 +7.88875428796648e+00 +3.20622054473913e+00 
+4.52395623253805e+00 +8.03365035621190e+24 +1.01480029206531e+24 +4.59091210607028e+03 +1.61711400905152e-36 +0.00000000000000e+00 +2.94275861472481e+25 +7.16362300046612e+24 +4.84163110749149e+00 +7.91648407970195e+00 +3.22775407166099e+00 
+4.62968922662727e+00 +8.00578309039075e+24 +1.00857602789934e+24 +4.66939357060011e+03 +3.58682945204707e-36 +0.00000000000000e+00 +2.94964136970718e+25 +7.14119346803888e+24 +4.87250600244300e+00 +7.93770907589897e+00 +3.24833733496200e+00 
+4.73789339096314e+00 +7.98077783669098e+24 +1.00313968572072e+24 +4.75276888718904e+03 +7.80244553400029e-36 +0.00000000000000e+00 +2.95616939353074e+25 +7.12088602409878e+24 +4.90195312575296e+00 +7.95579912777260e+00 +3.26796875050197e+00 
+4.84862648123908e+00 +7.95776379221038e+24 +9.98544421141428e+23 +4.84156892303988e+03 +1.66382194527557e-35 +0.00000000000000e+00 +2.96232549013645e+25 +7.10265402363796e+24 +4.92995234145437e+00 +7.96936382971718e+00 +3.28663489430291e+00 
+4.96194760300290e+00 +7.93667291795451e+24 +9.94739393733974e+23 +4.93584475035085e+03 +3.47986477587663e-35 +0.00000000000000e+00 +2.96811651214174e+25 +7.08640801175949e+24 +4.95650809085395e+00 +7.97864543009849e+00 +3.30433872723596e+00 
+5.07791724320540e+00 +7.91742471161105e+24 +9.91670023925137e+23 +5.03561831405937e+03 +7.14205143437104e-35 +0.00000000000000e+00 +2.97355206379040e+25 +7.07204752329211e+24 +4.98163772496190e+00 +7.98393066301734e+00 +3.32109181664127e+00 
+5.19659730248620e+00 +7.89992849730790e+24 +9.89279167485416e+23 +5.14088545316050e+03 +1.43918029408611e-34 +0.00000000000000e+00 +2.97864413450671e+25 +7.05946363538125e+24 +5.00537015163226e+00 +7.98554013564059e+00 +3.33691343442151e+00 
+5.31805112821420e+00 +7.88408574423739e+24 +9.87508238360061e+23 +5.25161930113154e+03 +2.84882056147856e-34 +0.00000000000000e+00 +2.98340670814380e+25 +7.04854146473246e+24 +5.02774432604551e+00 +7.98381769182034e+00 +3.35182955069700e+00 
+5.44234354830027e+00 +7.86979232284924e+24 +9.86298244239118e+23 +5.36777388623465e+03 +5.54238804820772e-34 +0.00000000000000e+00 +2.98785536594508e+25 +7.03916252457909e+24 +5.04880766266765e+00 +7.97912028011406e+00 +3.36587177511177e+00 
+5.56954090580013e+00 +7.85694062541873e+24 +9.85590709372600e+23 +5.48928777222727e+03 +1.06030821755901e-33 +0.00000000000000e+00 +2.99200689857807e+25 +7.03120687722730e+24 +5.06861443768072e+00 +7.97180873429726e+00 +3.37907629178714e+00 
+5.69971109432608e+00 +7.84524122715066e+24 +9.85279518489656e+23 +5.61580860254775e+03 +2.00117047113401e-33 +0.00000000000000e+00 +2.99587312671128e+25 +7.02453798938284e+24 +5.08721425984643e+00 +7.96245235989144e+00 +3.39147617323095e+00 
+5.83292359428620e+00 +7.83494371391642e+24 +9.85404156826595e+23 +5.74778715626155e+03 +3.70705232700865e-33 +0.00000000000000e+00 +2.99948391745611e+25 +7.01907095968463e+24 +5.10469071669521e+00 +7.95099519282336e+00 +3.40312714446348e+00 
+5.96924950997073e+00 +7.82576225300629e+24 +9.85866199164239e+23 +5.88488132625784e+03 +6.76265890363072e-33 +0.00000000000000e+00 +3.00285171522070e+25 +7.01467632068340e+24 +5.12109965753452e+00 +7.93795573845673e+00 +3.41406643835635e+00 
+6.10876160750504e+00 +7.81759232445177e+24 +9.86615849944384e+23 +6.02700102549620e+03 +1.21549269229832e-32 +0.00000000000000e+00 +3.00599481185113e+25 +7.01124464611849e+24 +5.13650837770666e+00 +7.92364355883037e+00 +3.42433891847111e+00 
+6.25153435368971e+00 +7.81033321859377e+24 +9.87606481342269e+23 +6.17405584603781e+03 +2.15342252497715e-32 +0.00000000000000e+00 +3.00893122505081e+25 +7.00867185392411e+24 +5.15098447219840e+00 +7.90834544542341e+00 +3.43398964813227e+00 
+6.39764395574843e+00 +7.80388878298951e+24 +9.88794805720004e+23 +6.32595711229002e+03 +3.76216510887940e-32 +0.00000000000000e+00 +3.01167851810406e+25 +7.00685979415444e+24 +5.16459495978947e+00 +7.89232380454002e+00 +3.44306330652631e+00 
+6.54716840200474e+00 +7.79816796354740e+24 +9.90140957156958e+23 +6.48261958822876e+03 +6.48427541186612e-32 +0.00000000000000e+00 +3.01425365704296e+25 +7.00571662927398e+24 +5.17740555983269e+00 +7.87581597062571e+00 +3.45160370655513e+00 
+6.70018750350959e+00 +7.79308516352954e+24 +9.91608496603761e+23 +6.64396285731845e+03 +1.10300368609355e-31 +0.00000000000000e+00 +3.01667290215886e+25 +7.00515703556812e+24 +5.18948011255826e+00 +7.85903427635069e+00 +3.45965340837218e+00 
+6.85678293664174e+00 +7.78856044580859e+24 +9.93164355008435e+23 +6.80991240270264e+03 +1.85248606646691e-31 +0.00000000000000e+00 +3.01895173014680e+25 +7.00510225486932e+24 +5.20088013047022e+00 +7.84216671342624e+00 +3.46725342031348e+00 
+7.01703828670383e+00 +7.78270528580582e+24 +9.94241480120802e+23 +6.97663053223675e+03 +3.07991093655606e-31 +0.00000000000000e+00 +3.02109576678600e+25 +7.00520545809675e+24 +5.21174439532959e+00 +7.82778172246466e+00 +3.47449626355306e+00 
+7.18103909253735e+00 +7.77906229999909e+24 +9.95870141968802e+23 +7.15138242056869e+03 +5.04790364496188e-31 +0.00000000000000e+00 +3.02313808336025e+25 +7.00593837643877e+24 +5.22197279907611e+00 +7.81132195069142e+00 +3.48131519938407e+00 
+7.34887289218039e+00 +7.77577171082125e+24 +9.97507483144392e+23 +7.33055570262691e+03 +8.17753416932659e-31 +0.00000000000000e+00 +3.02508133016716e+25 +7.00697810751400e+24 +5.23169447026482e+00 +7.79520138165789e+00 +3.48779631350988e+00 
+7.52062926959241e+00 +7.77277600684599e+24 +9.99132555002718e+23 +7.51410553735609e+03 +1.30984133813277e-30 +0.00000000000000e+00 +3.02693754735938e+25 +7.00827061290417e+24 +5.24095924182667e+00 +7.77952431629539e+00 +3.49397282788445e+00 
+7.69639990247116e+00 +7.77002281392435e+24 +1.00072697521844e+24 +7.70199499447143e+03 +2.07511024866331e-30 +0.00000000000000e+00 +3.02871792687180e+25 +7.00976731862643e+24 +5.24981383735051e+00 +7.76437830331128e+00 +3.49987589156701e+00 
+7.87627861118706e+00 +7.76746462349762e+24 +1.00227472831738e+24 +7.89419500517948e+03 +3.25256312533643e-30 +0.00000000000000e+00 +3.03043284014868e+25 +7.01142476372812e+24 +5.25830190994687e+00 +7.74983585242907e+00 +3.50553460663125e+00 
+8.06036140886135e+00 +7.76505849920024e+24 +1.00376196715714e+24 +8.09068422375615e+03 +5.04548937088737e-30 +0.00000000000000e+00 +3.03209187286499e+25 +7.01320423847461e+24 +5.26646411870392e+00 +7.73595608647386e+00 +3.51097607913594e+00 
+8.24874655261459e+00 +7.76276577185370e+24 +1.00517681903115e+24 +8.29144882075130e+03 +7.74818584143323e-30 +0.00000000000000e+00 +3.03370386457147e+25 +7.01507142134742e+24 +5.27433823363519e+00 +7.72278630473782e+00 +3.51622548909013e+00 
+8.44153459601299e+00 +7.76055173097563e+24 +1.00650919914188e+24 +8.49648222576154e+03 +1.17825033690555e-29 +0.00000000000000e+00 +3.03527695153362e+25 +7.01699602201136e+24 +5.28195926134851e+00 +7.71036343988909e+00 +3.52130617423234e+00 
+8.63882844274045e+00 +7.75761454058937e+24 +1.00775669181159e+24 +8.70583717258394e+03 +1.77666118765073e-29 +0.00000000000000e+00 +3.03679747486151e+25 +7.01895715854816e+24 +5.28934236277754e+00 +7.69790426957519e+00 +3.52622824185169e+00 
+8.84073340152506e+00 +7.75546743486999e+24 +1.00890007658576e+24 +8.91941660587294e+03 +2.65135471892196e-29 +0.00000000000000e+00 +3.03831458542406e+25 +7.02091998158848e+24 +5.29655196537599e+00 +7.68705208261596e+00 +3.53103464358400e+00 
+9.04735724234930e+00 +7.75331568424169e+24 +1.00993974050841e+24 +9.13728562562517e+03 +3.92113756450747e-29 +0.00000000000000e+00 +3.03981343229212e+25 +7.02287015769759e+24 +5.30359836806395e+00 +7.67700821470655e+00 +3.53573224537597e+00 
+9.25881025397396e+00 +7.75113745476960e+24 +1.01087108749021e+24 +9.35946359030017e+03 +5.74834680565251e-29 +0.00000000000000e+00 +3.04129978700937e+25 +7.02479022869905e+24 +5.31050699005030e+00 +7.66778034379646e+00 +3.54033799336687e+00 
+9.47520530280654e+00 +7.74891344954140e+24 +1.01169053422021e+24 +9.58597551464251e+03 +8.35531025193211e-29 +0.00000000000000e+00 +3.04277893957167e+25 +7.02666521220975e+24 +5.31730123646104e+00 +7.65937130716964e+00 +3.54486749097403e+00 
+9.69665789314552e+00 +7.74662666755666e+24 +1.01239538947159e+24 +9.81685174430387e+03 +1.20439705679350e-28 +0.00000000000000e+00 +3.04425573931083e+25 +7.02848234916346e+24 +5.32400264746966e+00 +7.65177987584466e+00 +3.54933509831311e+00 
+9.92328622883255e+00 +7.74426217941781e+24 +1.01298374439828e+24 +1.00521276408187e+04 +1.72210583478641e-28 +0.00000000000000e+00 +3.04573463372379e+25 +7.03023087164232e+24 +5.33063104220572e+00 +7.64500143486304e+00 +3.55375402813715e+00 
+1.01552112763457e+01 +7.74180691975115e+24 +1.01345437325743e+24 +1.02918432793657e+04 +2.44301179673555e-28 +0.00000000000000e+00 +3.04721970510864e+25 +7.03190179037825e+24 +5.33720465641437e+00 +7.63902857793938e+00 +3.55813643760958e+00 
+1.03925568293671e+01 +7.74012591197410e+24 +1.01476041804971e+24 +1.05459553127739e+04 +3.42744386949535e-28 +0.00000000000000e+00 +3.04865515831363e+25 +7.03403848101661e+24 +5.34356215460512e+00 +7.62754022949579e+00 +3.56237476973675e+00 
+1.06354495748601e+01 +7.73747444050431e+24 +1.01500438747404e+24 +1.07950279812419e+04 +4.78897499671319e-28 +0.00000000000000e+00 +3.05016139545971e+25 +7.03554643141523e+24 +5.35006888538311e+00 +7.62309457573870e+00 +3.56671259025541e+00 
+1.08840191606901e+01 +7.73470207004271e+24 +1.01512957734248e+24 +1.10486897703788e+04 +6.64281000559910e-28 +0.00000000000000e+00 +3.05168417627362e+25 +7.03695848438057e+24 +5.35656723781750e+00 +7.61942341419257e+00 +3.57104482521167e+00 
+1.11383982648262e+01 +7.73180143225815e+24 +1.01513670660173e+24 +1.13069969313740e+04 +9.14912972283633e-28 +0.00000000000000e+00 +3.05322644330398e+25 +7.03827100320587e+24 +5.36307034524018e+00 +7.61651251696055e+00 +3.57538023016012e+00 
+1.13987226661605e+01 +7.72876621974803e+24 +1.01502681521248e+24 +1.15700091653232e+04 +1.25142740401645e-27 +0.00000000000000e+00 +3.05479092306555e+25 +7.03948132994203e+24 +5.36959033510774e+00 +7.61434683686672e+00 +3.57972689007183e+00 
+1.16651313169820e+01 +7.72559106648698e+24 +1.01480121383792e+24 +1.18377894200520e+04 +1.70022487325142e-27 +0.00000000000000e+00 +3.05638014944654e+25 +7.04058767000633e+24 +5.37613842195243e+00 +7.61291074659760e+00 +3.58409228130162e+00 
+1.19377664171444e+01 +7.72227143994940e+24 +1.01446143946596e+24 +1.21104037035447e+04 +2.29486201261834e-27 +0.00000000000000e+00 +3.05799648519919e+25 +7.04158898903147e+24 +5.38272499325571e+00 +7.61218824050581e+00 +3.58848332883714e+00 
+1.22167734899679e+01 +7.71640659385261e+24 +1.01310987046244e+24 +1.23769338078904e+04 +3.09059615711012e-27 +0.00000000000000e+00 +3.05966162506734e+25 +7.04191211059743e+24 +5.38952223387292e+00 +7.61655455032768e+00 +3.59301482258195e+00 
+1.25023014599146e+01 +7.71277375141846e+24 +1.01254125778256e+24 +1.26590960453987e+04 +4.11915274295612e-27 +0.00000000000000e+00 +3.06134087418953e+25 +7.04269171150858e+24 +5.39622061930285e+00 +7.61724393167862e+00 +3.59748041286857e+00 
+1.27945027320787e+01 +7.70898733056650e+24 +1.01186452440417e+24 +1.29463034219827e+04 +5.45675400646598e-27 +0.00000000000000e+00 +3.06305350489659e+25 +7.04336701257711e+24 +5.40298452175764e+00 +7.61859630873598e+00 +3.60198968117176e+00 
+1.30935332735361e+01 +7.70504525386728e+24 +1.01108175337735e+24 +1.32386325801115e+04 +7.18601766792621e-27 +0.00000000000000e+00 +3.06480137579733e+25 +7.04393919628300e+24 +5.40982174999502e+00 +7.62059569182202e+00 +3.60654783333001e+00 
+1.33995526965934e+01 +7.70094588301789e+24 +1.01019510337577e+24 +1.35361625215242e+04 +9.40880235181812e-27 +0.00000000000000e+00 +3.06658625704156e+25 +7.04440983863421e+24 +5.41673962074941e+00 +7.62322630280393e+00 +3.61115974716627e+00 
+1.37127243439840e+01 +7.69668796386707e+24 +1.00920678959773e+24 +1.38389745118308e+04 +1.22499840150583e-26 +0.00000000000000e+00 +3.06840984265911e+25 +7.04478085962308e+24 +5.42374500934007e+00 +7.62647263494427e+00 +3.61583000622671e+00 
+1.40332153760548e+01 +7.69227057775559e+24 +1.00811906749105e+24 +1.41471519988095e+04 +1.58618207147805e-26 +0.00000000000000e+00 +3.07027376174000e+25 +7.04505447987316e+24 +5.43084439564722e+00 +7.63031949876681e+00 +3.62056293043148e+00 
+1.43611968599908e+01 +7.68725617210990e+24 +1.00727038005440e+24 +1.44656082191990e+04 +2.04259298518136e-26 +0.00000000000000e+00 +3.07212390878564e+25 +7.04546388223916e+24 +5.43793741565143e+00 +7.63177030152987e+00 +3.62529161043429e+00 
+1.46968438611245e+01 +7.68252356441462e+24 +1.00599148140868e+24 +1.47848997278847e+04 +2.61702269745973e-26 +0.00000000000000e+00 +3.07407250829729e+25 +7.04555363655818e+24 +5.44524078199300e+00 +7.63676801085514e+00 +3.63016052132867e+00 
+1.50403355363803e+01 +7.67763032423917e+24 +1.00461993092732e+24 +1.51098208476820e+04 +3.33598035510510e-26 +0.00000000000000e+00 +3.07606603188546e+25 +7.04555406019817e+24 +5.45265558529893e+00 +7.64232331838402e+00 +3.63510372353262e+00 
+1.53918552299021e+01 +7.67257649355397e+24 +1.00315803253916e+24 +1.54404632095562e+04 +4.23140569404333e-26 +0.00000000000000e+00 +3.07810594077075e+25 +7.04546824539341e+24 +5.46018710254561e+00 +7.64842252634250e+00 +3.64012473503040e+00 
+1.57515905709162e+01 +7.66736228191168e+24 +1.00160808134381e+24 +1.57769204098486e+04 +5.34126842584750e-26 +0.00000000000000e+00 +3.08019367284750e+25 +7.04529944083119e+24 +5.46784038717659e+00 +7.65505233506581e+00 +3.64522692478439e+00 
+1.61197335738816e+01 +7.66198804474392e+24 +9.99972358744691e+23 +1.61192880042103e+04 +6.71049621407313e-26 +0.00000000000000e+00 +3.08233064865696e+25 +7.04505103406493e+24 +5.47562029382193e+00 +7.66219983756586e+00 +3.65041352921462e+00 
+1.64964807409802e+01 +7.65656213871924e+24 +9.98343220525411e+23 +1.64691497102856e+04 +8.37310676143381e-26 +0.00000000000000e+00 +3.08451025180384e+25 +7.04478836371263e+24 +5.48349191612367e+00 +7.66926842523127e+00 +3.65566127741578e+00 
+1.68820331670036e+01 +7.65087067166137e+24 +9.96542957970160e+23 +1.68236712687961e+04 +1.04240983023637e-25 +0.00000000000000e+00 +3.08674966744623e+25 +7.04439248191264e+24 +5.49153813949447e+00 +7.67741180695841e+00 +3.66102542632965e+00 
+1.72765966466904e+01 +7.64502097643389e+24 +9.94663660218283e+23 +1.71844028567119e+04 +1.29207908605573e-25 +0.00000000000000e+00 +3.08904252132113e+25 +7.04392789175561e+24 +5.49972451912654e+00 +7.68603627758570e+00 +3.66648301275103e+00 
+1.76803817845721e+01 +7.63901383702996e+24 +9.92707531418135e+23 +1.75514481558927e+04 +1.59472199185684e-25 +0.00000000000000e+00 +3.09139021081248e+25 +7.04339841695927e+24 +5.50805530679484e+00 +7.69513033321831e+00 +3.67203687119656e+00 
+1.80936041073872e+01 +7.63285011462512e+24 +9.90676752978729e+23 +1.79249129667889e+04 +1.96006949231689e-25 +0.00000000000000e+00 +3.09379413714567e+25 +7.04280796878067e+24 +5.51653464301026e+00 +7.70468277536034e+00 +3.67768976200684e+00 
+1.85164841791215e+01 +7.62653073971220e+24 +9.88573483857383e+23 +1.83049052737443e+04 +2.39934473187824e-25 +0.00000000000000e+00 +3.09625570825300e+25 +7.04216054107353e+24 +5.52516656873919e+00 +7.71468268595847e+00 +3.68344437915946e+00 
+1.89492477187382e+01 +7.61731613043820e+24 +9.86310693568847e+23 +1.86898456600766e+04 +2.92532552723823e-25 +0.00000000000000e+00 +3.09871914540937e+25 +7.04138206129375e+24 +5.53397107224073e+00 +7.72303918035792e+00 +3.68931404816048e+00 
+1.93921257206583e+01 +7.61069428579239e+24 +9.84068894446707e+23 +1.90831877188997e+04 +3.55295775719453e-25 +0.00000000000000e+00 +3.10130067821867e+25 +7.04063215392553e+24 +5.54292077113453e+00 +7.73390392556967e+00 +3.69528051408969e+00 
+1.98453545780580e+01 +7.60392015924557e+24 +9.81760986325114e+23 +1.94833948845259e+04 +4.29898602169329e-25 +0.00000000000000e+00 +3.10394414621187e+25 +7.03983773563055e+24 +5.55203467839760e+00 +7.74518468869724e+00 +3.70135645226507e+00 
+2.03091762090473e+01 +7.59699490216174e+24 +9.79389048993216e+23 +1.98905847732145e+04 +5.18252844002535e-25 +0.00000000000000e+00 +3.10665100538650e+25 +7.03900310451604e+24 +5.56131652361535e+00 +7.75687139852262e+00 +3.70754434907690e+00 
+2.07838381857976e+01 +7.58991971351977e+24 +9.76955146564105e+23 +2.03048776809705e+04 +6.22523116453128e-25 +0.00000000000000e+00 +3.10942272772577e+25 +7.03813263201043e+24 +5.57076997421259e+00 +7.76895412262588e+00 +3.71384664947506e+00 
+2.12695938666869e+01 +7.58269583782910e+24 +9.74461329364118e+23 +2.07263967143666e+04 +7.45151896941738e-25 +0.00000000000000e+00 +3.11226080223470e+25 +7.03723076297466e+24 +5.58039863950130e+00 +7.78142303787178e+00 +3.72026575966754e+00 
+2.17667025315346e+01 +7.57451961258682e+24 +9.71711877642084e+23 +2.11509633869942e+04 +8.91463382110663e-25 +0.00000000000000e+00 +3.11517908684507e+25 +7.03611626484893e+24 +5.59027722402347e+00 +7.79502626948107e+00 +3.72685148268231e+00 
+2.22754295199956e+01 +7.56700071675720e+24 +9.69103787468042e+23 +2.15872031153051e+04 +1.05987334232782e-24 +0.00000000000000e+00 +3.11815533109866e+25 +7.03516238262783e+24 +5.60026988333126e+00 +7.80824594291118e+00 +3.73351325555417e+00 
+2.27960463731898e+01 +7.55933706421043e+24 +9.66441818525542e+23 +2.20310525120981e+04 +1.25598953565571e-24 +0.00000000000000e+00 +3.12120255164650e+25 +7.03419079277013e+24 +5.61044841716409e+00 +7.82182322754140e+00 +3.74029894477606e+00 
+2.33288309786416e+01 +7.55153005871922e+24 +9.63727978448884e+23 +2.24826471186220e+04 +1.48365580406180e-24 +0.00000000000000e+00 +3.12432231577490e+25 +7.03320623419356e+24 +5.62081623737126e+00 +7.83574849707422e+00 +3.74721082491418e+00 
+2.38740677186065e+01 +7.54358114319938e+24 +9.60964270332906e+23 +2.29421260650890e+04 +1.74714100673640e-24 +0.00000000000000e+00 +3.12751621028872e+25 +7.03221352311214e+24 +5.63137670650537e+00 +7.85001209315105e+00 +3.75425113767025e+00 
+2.44320476218649e+01 +7.53384959785906e+24 +9.57975373355422e+23 +2.34052999423935e+04 +2.04230182269880e-24 +0.00000000000000e+00 +3.13076915883644e+25 +7.03105034100623e+24 +5.64218462005603e+00 +7.86434579364066e+00 +3.76145641337069e+00 
+2.50030685190632e+01 +7.52562846389965e+24 +9.55121013315441e+23 +2.38809561399231e+04 +2.39059078070087e-24 +0.00000000000000e+00 +3.13411574084879e+25 +7.03005795085748e+24 +5.65313881951947e+00 +7.87924080716902e+00 +3.76875921301298e+00 
+2.55874352016859e+01 +7.51727040668918e+24 +9.52223017168498e+23 +2.43649447493528e+04 +2.79017029347149e-24 +0.00000000000000e+00 +3.13754122402531e+25 +7.02907262080668e+24 +5.66429514322943e+00 +7.89444307809562e+00 +3.77619676215296e+00 
+2.61854595847423e+01 +7.50877701725328e+24 +9.49283389067589e+23 +2.48574218188966e+04 +3.24732247840788e-24 +0.00000000000000e+00 +3.14104726413514e+25 +7.02809948952759e+24 +5.67565672940282e+00 +7.90994249317751e+00 +3.78377115293521e+00 
+2.67974608732569e+01 +7.50014991491397e+24 +9.46304133472605e+23 +2.53585479909334e+04 +3.76892621468431e-24 +0.00000000000000e+00 +3.14463553519580e+25 +7.02714377303454e+24 +5.68722666183948e+00 +7.92572879016288e+00 +3.79148444122632e+00 
+2.74237657326495e+01 +7.48996714639549e+24 +9.43196206104397e+23 +2.58659917961308e+04 +4.35891160573603e-24 +0.00000000000000e+00 +3.14828271156450e+25 +7.02612388739207e+24 +5.69902966086984e+00 +7.94104884850063e+00 +3.79935310724656e+00 
+2.80647084630984e+01 +7.48108271591813e+24 +9.40144755686616e+23 +2.63848884814557e+04 +5.03209415988115e-24 +0.00000000000000e+00 +3.15204067990506e+25 +7.02521911507427e+24 +5.71102548479963e+00 +7.95737323499132e+00 +3.80735032319975e+00 
+2.87206311779783e+01 +7.47206973666397e+24 +9.37059756460496e+23 +2.69129476570281e+04 +5.79424765508941e-24 +0.00000000000000e+00 +3.15588598083701e+25 +7.02434793621695e+24 +5.72323848751917e+00 +7.97395223212637e+00 +3.81549232501278e+00 
+2.93918839864689e+01 +7.46292990354822e+24 +9.33943214607650e+23 +2.74503506136979e+04 +6.65500168912970e-24 +0.00000000000000e+00 +3.15982035491411e+25 +7.02351586383000e+24 +5.73567151173708e+00 +7.99077479960427e+00 +3.82378100782472e+00 
+3.00788251804310e+01 +7.45137436164304e+24 +9.30860568296858e+23 +2.79991923011578e+04 +7.65554632532714e-24 +0.00000000000000e+00 +3.16378934737253e+25 +7.02276193794431e+24 +5.74831000172150e+00 +8.00482329515406e+00 +3.83220666781433e+00 
+3.07818214256508e+01 +7.44199045771209e+24 +9.27682625901998e+23 +2.85557609301941e+04 +8.74980292548323e-24 +0.00000000000000e+00 +3.16790908985225e+25 +7.02202060401907e+24 +5.76119640323773e+00 +8.02212982104321e+00 +3.84079760215848e+00 
+3.15012479575533e+01 +7.43248467221734e+24 +9.24478937194576e+23 +2.91222402321017e+04 +9.97688525705396e-24 +0.00000000000000e+00 +3.17212338231212e+25 +7.02133506336806e+24 +5.77431139185048e+00 +8.03964738750237e+00 +3.84954092790032e+00 
+3.22374887814903e+01 +7.42285869624454e+24 +9.21251497248733e+23 +2.96988348074872e+04 +1.13498154372730e-23 +0.00000000000000e+00 +3.17643403368023e+25 +7.02071108717929e+24 +5.78765755896649e+00 +8.05736405141539e+00 +3.85843837264433e+00 
+3.29909368777094e+01 +7.41311420115812e+24 +9.18002295200627e+23 +3.02857557745562e+04 +1.28825428794535e-23 +0.00000000000000e+00 +3.18084286673466e+25 +7.02015450157078e+24 +5.80123742344275e+00 +8.07526761089198e+00 +3.86749161562850e+00 
+3.37619944111134e+01 +7.40305704343245e+24 +9.15215659886087e+23 +3.08995059940375e+04 +1.45316715621806e-23 +0.00000000000000e+00 +3.18521894803234e+25 +7.02019024953383e+24 +5.81469854146164e+00 +8.08886622892125e+00 +3.87646569430776e+00 
+3.45510729459222e+01 +7.39309229820202e+24 +9.11930357721277e+23 +3.15081723112287e+04 +1.64222155389783e-23 +0.00000000000000e+00 +3.18982596922569e+25 +7.01979310118818e+24 +5.82874116432423e+00 +8.10707992732670e+00 +3.88582744288282e+00 
+3.53585936653518e+01 +7.38301395112005e+24 +9.08629299986995e+23 +3.21278542106732e+04 +1.85194808736451e-23 +0.00000000000000e+00 +3.19453653976112e+25 +7.01948111692413e+24 +5.84302410438618e+00 +8.12544120162725e+00 +3.89534940292412e+00 
+3.61849875964275e+01 +7.37282348715175e+24 +9.05314427040510e+23 +3.27587913133277e+04 +2.08413703825866e-23 +0.00000000000000e+00 +3.19935252645521e+25 +7.01926027314039e+24 +5.85754956271357e+00 +8.14393681016842e+00 +3.90503304180905e+00 
+3.70306958400514e+01 +7.35852587113641e+24 +9.00504069669824e+23 +3.33462923066717e+04 +2.35084374079967e-23 +0.00000000000000e+00 +3.20456148176450e+25 +7.01746874909464e+24 +5.87337840227628e+00 +8.17156314888667e+00 +3.91558560151752e+00 
+3.78961698064472e+01 +7.34811653788630e+24 +8.97174649341422e+23 +3.39994828574822e+04 +2.63495474780495e-23 +0.00000000000000e+00 +3.20960048037625e+25 +7.01744106729558e+24 +5.88841644648835e+00 +8.19028551829930e+00 +3.92561096432557e+00 
+3.87818714561072e+01 +7.33759969799500e+24 +8.93837245366619e+23 +3.46646811524892e+04 +2.94766715486930e-23 +0.00000000000000e+00 +3.21475071270862e+25 +7.01752306551222e+24 +5.90370351774114e+00 +8.20910041065182e+00 +3.93580234516076e+00 
+3.96882735463716e+01 +7.32697652752614e+24 +8.90493709936080e+23 +3.53421579512664e+04 +3.29122111746792e-23 +0.00000000000000e+00 +3.22001410041321e+25 +7.01772081568987e+24 +5.91924150368756e+00 +8.22799357903614e+00 +3.94616100245838e+00 
+4.06158598837698e+01 +7.31663109337996e+24 +8.88441691429968e+23 +3.60848232540190e+04 +3.66864361039624e-23 +0.00000000000000e+00 +3.22506559615613e+25 +7.01952327505746e+24 +5.93408036460119e+00 +8.23535316268608e+00 +3.95605357640079e+00 
+4.15651255822599e+01 +7.30580436374838e+24 +8.85077065774032e+23 +3.67883393888757e+04 +4.08115625607266e-23 +0.00000000000000e+00 +3.23056003417857e+25 +7.01996824895514e+24 +5.95011817623493e+00 +8.25442737843307e+00 +3.96674545082329e+00 
+4.25365773275039e+01 +7.29487382161504e+24 +8.81711412879704e+23 +3.75049856945002e+04 +4.53193798779194e-23 +0.00000000000000e+00 +3.23617363500419e+25 +7.02054660485575e+24 +5.96641245261173e+00 +8.27353906851415e+00 +3.97760830174116e+00 
+4.35307336473189e+01 +7.28384014461913e+24 +8.78346458590749e+23 +3.82350657389797e+04 +5.02369668484915e-23 +0.00000000000000e+00 +3.24190838433639e+25 +7.02126438259038e+24 +5.98296479498288e+00 +8.29267320813883e+00 +3.98864319665525e+00 
+4.45481251884499e+01 +7.26998833525157e+24 +8.74827420635628e+23 +3.89719214527646e+04 +5.53186737856032e-23 +0.00000000000000e+00 +3.24768192881650e+25 +7.02192639826754e+24 +5.99970919380462e+00 +8.31019714719204e+00 +3.99980612920308e+00 
+4.55892949998106e+01 +7.25877523692091e+24 +8.71480831306224e+23 +3.97301967050996e+04 +6.11132522605865e-23 +0.00000000000000e+00 +3.25365802353445e+25 +7.02295036873253e+24 +6.01676429504453e+00 +8.32924256755143e+00 +4.01117619669635e+00 
+4.66547988223447e+01 +7.24746036090851e+24 +8.68140016087577e+23 +4.05028978001930e+04 +6.74034826933721e-23 +0.00000000000000e+00 +3.25976089299435e+25 +7.02413169923038e+24 +6.03408088243979e+00 +8.34826206211580e+00 +4.02272058829320e+00 
+4.77452053856613e+01 +7.23604366434081e+24 +8.64806499672020e+23 +4.12903639456954e+04 +7.42209903782900e-23 +0.00000000000000e+00 +3.26599258846152e+25 +7.02547625346974e+24 +6.05166028622618e+00 +8.36724014803901e+00 +4.03444019081745e+00 
+4.88610967116033e+01 +7.22143138744436e+24 +8.61734087132637e+23 +4.21052725710729e+04 +8.17570452381765e-23 +0.00000000000000e+00 +3.27223771672694e+25 +7.02729694219754e+24 +6.06935546893217e+00 +8.38011574019684e+00 +4.04623697928811e+00 
+5.00030684249109e+01 +7.20983043961174e+24 +8.58412351640589e+23 +4.29232515558731e+04 +8.97433852582907e-23 +0.00000000000000e+00 +3.27873711873338e+25 +7.02898114233454e+24 +6.08747115358233e+00 +8.39902923790925e+00 +4.05831410238822e+00 
+5.11717300711460e+01 +7.19812708627942e+24 +8.55102111154288e+23 +4.37570544152544e+04 +9.83598446170680e-23 +0.00000000000000e+00 +3.28537188519361e+25 +7.03084583735642e+24 +6.10585379096484e+00 +8.41785675930888e+00 +4.07056919397656e+00 
+5.23677054420466e+01 +7.18632052489913e+24 +8.51804677187420e+23 +4.46070564291084e+04 +1.07642606882716e-22 +0.00000000000000e+00 +3.29214418832794e+25 +7.03289669541497e+24 +6.12450453942895e+00 +8.43658260791393e+00 +4.08300302628597e+00 
+5.35916329084851e+01 +7.17182408769758e+24 +8.47101003056265e+23 +4.53975259922009e+04 +1.18204808961245e-22 +0.00000000000000e+00 +3.29954443963705e+25 +7.03334337730376e+24 +6.14497166103039e+00 +8.46631518770758e+00 +4.09664777402026e+00 
+5.48441657612102e+01 +7.15981196170778e+24 +8.43841459713045e+23 +4.62797808926838e+04 +1.28984936964736e-22 +0.00000000000000e+00 +3.30660980658115e+25 +7.03578675844381e+24 +6.16419451409947e+00 +8.48478334323907e+00 +4.10946300939965e+00 
+5.61259725595497e+01 +7.14769412420417e+24 +8.40598507222285e+23 +4.71794087499564e+04 +1.40549885321261e-22 +0.00000000000000e+00 +3.31381976179346e+25 +7.03843407056741e+24 +6.18368923577119e+00 +8.50310113900077e+00 +4.12245949051413e+00 
+5.74377374882659e+01 +7.13187457996604e+24 +8.37114126064017e+23 +4.80819414205841e+04 +1.52437863784151e-22 +0.00000000000000e+00 +3.32107461758801e+25 +7.04089121503392e+24 +6.20348532940888e+00 +8.51959650173272e+00 +4.13565688627259e+00 
+5.87801607227491e+01 +7.11957464328580e+24 +8.33920241881819e+23 +4.90179658477671e+04 +1.65650316920390e-22 +0.00000000000000e+00 +3.32857218271872e+25 +7.04396987970113e+24 +6.22350661540306e+00 +8.53747671026646e+00 +4.14900441026871e+00 
+6.01539588027484e+01 +7.10716398032226e+24 +8.30745901138653e+23 +4.99726547126466e+04 +1.79768683429553e-22 +0.00000000000000e+00 +3.33622113692885e+25 +7.04726830878420e+24 +6.24380222020896e+00 +8.55515985162359e+00 +4.16253481347264e+00 
+6.15598650148351e+01 +7.09464035562578e+24 +8.27591949908949e+23 +5.09464487237591e+04 +1.94836010724544e-22 +0.00000000000000e+00 +3.34402400563008e+25 +7.05079170645661e+24 +6.26437327004526e+00 +8.57263094017084e+00 +4.17624884669684e+00 
+6.29986297838069e+01 +7.08039174999990e+24 +8.25123763202114e+23 +5.19816664837916e+04 +2.10080843753763e-22 +0.00000000000000e+00 +3.35155992035113e+25 +7.05534234477843e+24 +6.28417972989978e+00 +8.58100574212352e+00 +4.18945315326652e+00 
+6.44710210732387e+01 +7.06765941800801e+24 +8.22011199761128e+23 +5.29959013822379e+04 +2.27114887142950e-22 +0.00000000000000e+00 +3.35966866129487e+25 +7.05932604138998e+24 +6.30527989519998e+00 +8.59800866467736e+00 +4.20351993013332e+00 
+6.59778247953954e+01 +7.05480655876742e+24 +8.18920992457686e+23 +5.40306257616446e+04 +2.45228096551811e-22 +0.00000000000000e+00 +3.36793904070881e+25 +7.06354905528209e+24 +6.32665870213959e+00 +8.61475847333580e+00 +4.21777246809306e+00 
+6.75198452307250e+01 +7.04328284099390e+24 +8.17466315882039e+23 +5.51951991296862e+04 +2.63475965431612e-22 +0.00000000000000e+00 +3.37570115814450e+25 +7.07013652333955e+24 +6.34621489913925e+00 +8.61599151445679e+00 +4.23080993275950e+00 
+6.90979054571565e+01 +7.03018631444601e+24 +8.14403925062141e+23 +5.62736054178809e+04 +2.83813522649889e-22 +0.00000000000000e+00 +3.38429353765349e+25 +7.07483259318963e+24 +6.36812633551914e+00 +8.63230897850791e+00 +4.24541755701276e+00 
+7.07128477894300e+01 +7.01696006154540e+24 +8.11365160037357e+23 +5.73739410633681e+04 +3.05366365895008e-22 +0.00000000000000e+00 +3.39305630538920e+25 +7.07978122081794e+24 +6.39032088302995e+00 +8.64833789661652e+00 +4.26021392201996e+00 
+7.23655342286966e+01 +6.99487961710637e+24 +8.06033555816431e+23 +5.83290488729119e+04 +3.29721933069126e-22 +0.00000000000000e+00 +3.40285491623491e+25 +7.08185601580620e+24 +6.41594207910484e+00 +8.67814939791343e+00 +4.27729471940323e+00 
+7.40568469226243e+01 +6.98147412291021e+24 +8.03074905276489e+23 +5.94731953274620e+04 +3.53952774759331e-22 +0.00000000000000e+00 +3.41198132855738e+25 +7.08736182186488e+24 +6.43874097914143e+00 +8.69342831788098e+00 +4.29249398609429e+00 
+7.57876886362593e+01 +6.96793334299446e+24 +8.00141054231478e+23 +6.06408410831835e+04 +3.79548639238846e-22 +0.00000000000000e+00 +3.42128823708805e+25 +7.09313640909777e+24 +6.46182791047959e+00 +8.70838123621471e+00 +4.30788527365306e+00 
+7.75589832338900e+01 +6.95425434155612e+24 +7.97232175731246e+23 +6.18325169510574e+04 +4.06558916418928e-22 +0.00000000000000e+00 +3.43077925396960e+25 +7.09918450964995e+24 +6.48520492728475e+00 +8.72299758245138e+00 +4.32346995152317e+00 
+7.93716761721755e+01 +6.93923676709864e+24 +7.95363555146369e+23 +6.31293385382278e+04 +4.35822492247515e-22 +0.00000000000000e+00 +3.44013585922607e+25 +7.10705964705898e+24 +6.50778320664524e+00 +8.72460992485585e+00 +4.33852213776350e+00 
+8.12267350047971e+01 +6.92531994406215e+24 +7.92480231835694e+23 +6.43705817878581e+04 +4.65867956697630e-22 +0.00000000000000e+00 +3.45002007985304e+25 +7.11365130847111e+24 +6.53176788106671e+00 +8.73879204282536e+00 +4.35451192071114e+00 
+8.31251498989063e+01 +6.91125857195471e+24 +7.89622269883512e+23 +6.56374695475816e+04 +4.97481512089236e-22 +0.00000000000000e+00 +3.46010076018646e+25 +7.12053080835965e+24 +6.55605070112482e+00 +8.75261354137629e+00 +4.37070046741655e+00 
+8.50679341636415e+01 +6.89602197175492e+24 +7.87149564187602e+23 +6.69611873032501e+04 +5.28981508065063e-22 +0.00000000000000e+00 +3.46998442389849e+25 +7.12800372755037e+24 +6.57966888522386e+00 +8.76075181324929e+00 +4.38644592348257e+00 
+8.70561247909987e+01 +6.88169426474992e+24 +7.84342967028766e+23 +6.82818592165984e+04 +5.63775201885978e-22 +0.00000000000000e+00 +3.48045701049148e+25 +7.13546151529334e+24 +6.60452744598579e+00 +8.77383307307392e+00 +4.40301829732386e+00 
+8.90907830093413e+01 +6.86721610974913e+24 +7.81561248224764e+23 +6.96299035741024e+04 +6.00286249729907e-22 +0.00000000000000e+00 +3.49113930278308e+25 +7.14322076110540e+24 +6.62969285601170e+00 +8.78653608446849e+00 +4.41979523734113e+00 
+9.11729948498492e+01 +6.84820783523492e+24 +7.77709451511096e+23 +7.09060998173002e+04 +6.40125982384189e-22 +0.00000000000000e+00 +3.50256726100604e+25 +7.14978250210090e+24 +6.65705525941313e+00 +8.80561220122604e+00 +4.43803683960876e+00 
+9.33038717262036e+01 +6.83349614181618e+24 +7.74995348846808e+23 +7.23100666172069e+04 +6.80312924660146e-22 +0.00000000000000e+00 +3.51369261699069e+25 +7.15819104627592e+24 +6.68286043318162e+00 +8.81746729446108e+00 +4.45524028878775e+00 
+9.54845510278229e+01 +6.81429171123347e+24 +7.72139251729220e+23 +7.37273697823238e+04 +7.25656871607821e-22 +0.00000000000000e+00 +3.52544336992372e+25 +7.16710284517712e+24 +6.71002432600882e+00 +8.82521086186558e+00 +4.47334955067255e+00 
+9.77161967269617e+01 +6.79937999833363e+24 +7.69466729847648e+23 +7.51893623486447e+04 +7.69840808180679e-22 +0.00000000000000e+00 +3.53705400371826e+25 +7.17616782531670e+24 +6.73651544981188e+00 +8.83648341713213e+00 +4.49101029987459e+00 
+1.00000000000000e+02 +6.78431937403693e+24 +7.66818161860533e+23 +7.66818161860533e+04 +8.16013921101667e-22 +0.00000000000000e+00 +3.54890275281006e+25 +7.18556229063372e+24 +6.76333378366543e+00 +8.84736396641430e+00 +4.50888918911028e+00 
